4037 0.00498927
2625 0.00407054
6634 0.00372616
15 0.00309832
2398 0.00281493
2328 0.00257527
2470 0.00254355
3089 0.00247069
6946 0.00237366
3352 0.00236309
5412 0.00234529
4191 0.00229223
7632 0.00226692
7553 0.002181
737 0.00214383
1297 0.0021361
3456 0.00211008
2237 0.00210621
5254 0.00207823
6832 0.00207082
2066 0.00199959
4712 0.00190387
762 0.00188151
7092 0.00187831
1186 0.0018647
4310 0.00185796
6774 0.00177671
7620 0.00176359
2958 0.00172978
4335 0.00168441
993 0.00165126
4828 0.00164628
3537 0.00164296
4875 0.00163927
6006 0.00163166
2657 0.00162352
271 0.0016232
665 0.00161306
1549 0.00161069
4735 0.00159144
4256 0.00158574
3238 0.00152048
5484 0.0014854
825 0.00148464
3498 0.00148426
2565 0.00148152
4261 0.00146985
3568 0.00145074
5123 0.00144926
2654 0.00143496
3084 0.00143098
2485 0.00140481
5079 0.00139935
6784 0.00139847
5404 0.00138247
2535 0.00138237
2871 0.00138041
5543 0.00135986
6334 0.00135474
5459 0.00134406
3897 0.00134355
28 0.0013402
8042 0.00131665
4400 0.00130618
1842 0.00129735
2859 0.00129289
6059 0.00128797
3562 0.00128669
4600 0.00128189
2746 0.00127789
3334 0.00127767
2576 0.00127752
3034 0.00127335
5226 0.00126784
7809 0.00126147
2651 0.00124159
5022 0.00123115
3321 0.00119467
1633 0.00118369
5563 0.00118256
4099 0.00117692
1211 0.00117194
1754 0.00116159
3459 0.00115873
8293 0.00115328
4040 0.00115142
4666 0.00114754
1726 0.00114205
4981 0.0011418
7961 0.0011405
4531 0.00113583
2516 0.00113362
6124 0.00113154
6330 0.00112629
5605 0.00112234
3962 0.00111822
3005 0.00110994
7890 0.00110919
86 0.00110298
7214 0.00109953
