8 3461
8 3468
8 3472
8 3473
8 3475
8 3477
8 3486
8 3487
8 3492
8 3494
8 3523
8 3562
8 3581
8 3582
8 3583
8 3621
8 3638
8 3654
8 3660
8 3663
8 3675
8 3694
8 3716
8 3750
8 3751
11 3461
12 3708
17 3553
21 3472
21 3481
21 3500
21 3526
21 3654
24 3523
24 3569
24 3607
26 3755
33 3637
33 3690
33 3694
34 3500
39 3472
65 3487
65 3500
65 3526
65 3553
65 3611
65 3638
65 3668
65 3690
65 3698
65 3711
65 3716
78 3461
78 3526
79 3526
79 3569
79 3611
79 3654
79 3731
92 3668
92 3755
98 3543
98 3570
98 3637
98 3668
98 3731
99 3594
104 3461
104 3473
104 3475
104 3486
104 3523
104 3547
104 3562
104 3569
104 3581
104 3582
104 3611
104 3662
104 3663
104 3694
104 3751
108 3583
115 3576
115 3662
116 3750
122 3500
122 3547
122 3562
123 3553
127 3500
127 3663
137 3621
143 3500
147 3492
147 3637
147 3694
147 3739
151 3468
154 3562
166 3481
166 3526
188 3526
220 3475
225 3591
238 3472
238 3475
238 3624
238 3750
238 3751
238 3755
251 3487
251 3494
251 3547
251 3750
253 3553
255 3629
255 3636
256 3594
256 3666
256 3694
264 3492
264 3500
264 3523
264 3659
264 3677
264 3698
264 3731
279 3547
279 3677
279 3731
280 3486
290 3475
310 3523
310 3583
310 3750
332 3528
361 3553
361 3662
368 3472
368 3569
368 3677
368 3694
368 3698
368 3708
368 3745
368 3755
370 3543
380 3675
383 3569
388 3461
388 3468
388 3473
388 3477
388 3492
388 3505
388 3523
388 3543
388 3569
388 3570
388 3576
388 3600
388 3607
388 3636
388 3637
388 3641
388 3659
388 3662
388 3666
388 3668
388 3675
388 3690
388 3698
388 3708
388 3716
388 3745
388 3755
394 3461
442 3583
442 3621
442 3668
442 3694
445 3468
451 3481
451 3526
475 3745
477 3472
477 3668
477 3750
477 3751
477 3755
494 3481
494 3500
494 3526
494 3654
521 3666
522 3569
523 3472
525 3523
533 3505
548 3477
548 3569
548 3583
548 3638
552 3621
552 3708
566 3755
567 3708
572 3698
574 3475
574 3690
574 3750
574 3755
580 3750
610 3523
610 3570
610 3591
610 3731
614 3472
614 3562
614 3583
620 3486
620 3569
627 3526
627 3745
632 3477
634 3461
634 3468
634 3472
634 3473
634 3475
634 3477
634 3486
634 3487
634 3492
634 3494
634 3500
634 3505
634 3523
634 3526
634 3528
634 3569
634 3582
634 3594
634 3607
634 3611
634 3621
634 3636
634 3638
634 3641
634 3654
634 3659
634 3660
634 3662
634 3663
634 3666
634 3675
634 3677
634 3694
634 3698
634 3708
634 3711
634 3716
634 3731
634 3745
634 3750
634 3751
634 3755
651 3468
651 3473
651 3553
651 3562
651 3583
656 3475
656 3492
656 3505
656 3523
656 3526
656 3569
656 3607
656 3636
656 3659
656 3662
656 3677
656 3698
656 3708
656 3731
661 3486
661 3492
661 3562
664 3547
664 3562
664 3581
664 3583
671 3486
671 3562
678 3468
678 3473
678 3477
678 3486
678 3487
678 3571
678 3694
678 3716
678 3745
681 3486
681 3621
690 3472
690 3500
690 3581
690 3621
690 3662
690 3677
690 3694
724 3481
736 3472
736 3475
736 3487
736 3523
736 3607
736 3621
736 3638
736 3660
736 3663
736 3694
736 3716
736 3750
736 3751
751 3500
793 3492
793 3569
799 3526
829 3468
829 3487
829 3562
829 3570
829 3591
829 3694
834 3468
834 3547
834 3583
835 3562
837 3475
837 3486
837 3505
837 3523
837 3562
837 3569
837 3583
837 3607
837 3662
837 3690
837 3708
837 3750
837 3755
840 3659
846 3582
846 3654
849 3473
856 3523
860 3654
872 3475
876 3611
876 3698
877 3745
878 3583
886 3611
889 3662
894 3468
894 3473
894 3477
894 3663
904 3481
904 3607
923 3461
923 3468
923 3500
923 3523
923 3662
924 3570
924 3637
924 3731
924 3755
932 3461
932 3569
939 3694
941 3492
941 3698
942 3583
946 3583
947 3461
947 3468
947 3472
947 3473
947 3477
947 3486
947 3487
947 3492
947 3494
947 3500
947 3523
947 3547
947 3562
947 3569
947 3581
947 3582
947 3583
947 3607
947 3621
947 3636
947 3638
947 3659
947 3660
947 3663
947 3666
947 3677
947 3690
947 3694
947 3698
947 3708
947 3751
950 3468
950 3523
950 3745
955 3569
963 3461
963 3500
963 3523
963 3526
963 3562
963 3582
963 3594
963 3654
963 3662
963 3663
963 3666
963 3677
963 3745
974 3461
974 3468
974 3475
974 3492
974 3494
974 3505
974 3637
974 3659
974 3675
974 3755
985 3621
988 3472
988 3716
988 3750
997 3621
1004 3666
1008 3523
1014 3486
1014 3487
1014 3569
1014 3583
1015 3468
1031 3494
1031 3621
1039 3473
1039 3547
1039 3621
1043 3668
1049 3494
1049 3562
1049 3666
1053 3654
1064 3708
1074 3528
1078 3621
1078 3708
1079 3591
1079 3716
1079 3751
1094 3473
1107 3513
1107 3660
1138 3481
1138 3526
1141 3553
1142 3468
1153 3461
1153 3477
1153 3481
1153 3500
1153 3523
1153 3526
1153 3528
1153 3543
1153 3594
1153 3607
1153 3662
1153 3666
1153 3708
1153 3731
1153 3745
1153 3755
1154 3635
1174 3472
1174 3473
1174 3708
1237 3461
1241 3461
1243 3583
1245 3492
1245 3569
1245 3738
1246 3473
1248 3475
1248 3526
1262 3582
1266 3472
1266 3500
1266 3569
1266 3621
1276 3533
1289 3461
1289 3468
1289 3473
1289 3569
1289 3583
1295 3731
1302 3523
1302 3660
1302 3668
1302 3677
1302 3694
1307 3461
1307 3492
1307 3500
1307 3526
1307 3582
1307 3607
1307 3637
1307 3638
1307 3659
1307 3666
1307 3675
1307 3694
1307 3698
1307 3716
1307 3738
1307 3739
1307 3750
1307 3755
1310 3461
1310 3468
1310 3472
1310 3473
1310 3475
1310 3481
1310 3486
1310 3500
1310 3526
1310 3533
1310 3569
1310 3621
1310 3659
1310 3690
1310 3694
1310 3698
1310 3708
1310 3731
1310 3745
1310 3750
1310 3755
1311 3547
1311 3562
1313 3475
1315 3500
1326 3468
1351 3468
1362 3461
1362 3468
1362 3487
1362 3526
1362 3543
1362 3547
1362 3562
1362 3662
1362 3663
1362 3711
1368 3708
1375 3487
1375 3694
1376 3694
1395 3708
1398 3505
1412 3477
1412 3636
1417 3500
1417 3528
1417 3675
1429 3505
1429 3553
1436 3660
1440 3461
1440 3594
1446 3533
1446 3662
1450 3481
1450 3500
1450 3526
1450 3553
1450 3637
1450 3659
1450 3690
1450 3694
1450 3708
1455 3694
1465 3611
1476 3562
1478 3523
1479 3500
1479 3523
1492 3583
1492 3621
1505 3576
1505 3600
1510 3461
1510 3487
1510 3611
1533 3637
1533 3668
1536 3751
1539 3492
1543 3461
1543 3745
1544 3468
1544 3526
1547 3668
1547 3690
1547 3731
1549 3663
1549 3694
1550 3494
1550 3582
1551 3523
1556 3461
1556 3505
1556 3698
1556 3708
1567 3461
1567 3526
1567 3583
1567 3731
1575 3569
1595 3481
1596 3477
1596 3486
1610 3468
1615 3475
1615 3668
1615 3675
1631 3500
1631 3698
1638 3492
1652 3481
1678 3607
1678 3708
1678 3711
1685 3523
1685 3751
1687 3668
1690 3638
1695 3562
1704 3538
1704 3543
1704 3607
1704 3755
1705 3663
1710 3486
1733 3481
1733 3526
1733 3654
1742 3621
1744 3523
1759 3526
1796 3461
1796 3475
1796 3526
1796 3583
1796 3621
1796 3750
1796 3755
1802 3690
1805 3492
1805 3494
1805 3569
1805 3607
1805 3621
1807 3472
1807 3668
1813 3487
1813 3494
1813 3523
1813 3583
1813 3621
1813 3654
1813 3660
1813 3663
1813 3675
1813 3694
1818 3468
1818 3486
1818 3487
1818 3494
1818 3513
1818 3547
1819 3475
1819 3523
1819 3607
1819 3621
1819 3662
1819 3666
1819 3668
1819 3711
1819 3750
1826 3533
1827 3475
1827 3486
1827 3523
1827 3562
1827 3569
1827 3583
1827 3638
1827 3690
1827 3698
1850 3477
1860 3477
1860 3526
1860 3690
1860 3711
1886 3562
1888 3562
1893 3570
1896 3475
1907 3468
1907 3472
1907 3473
1907 3475
1907 3477
1907 3481
1907 3486
1907 3487
1907 3494
1907 3523
1907 3547
1907 3562
1907 3581
1907 3582
1907 3583
1907 3607
1907 3611
1907 3621
1907 3638
1907 3654
1907 3660
1907 3677
1907 3690
1907 3694
1907 3708
1907 3716
1907 3745
1907 3750
1907 3751
1907 3755
1910 3468
1910 3629
1910 3660
1917 3543
1924 3461
1924 3523
1924 3569
1926 3533
1926 3654
1926 3755
1928 3461
1928 3472
1928 3581
1928 3662
1936 3569
1937 3523
1948 3562
1955 3473
1955 3477
1955 3494
1955 3526
1955 3569
1955 3660
1955 3694
1955 3711
1956 3477
1956 3486
1956 3533
1956 3547
1956 3581
1956 3583
1957 3607
1957 3698
1972 3569
1975 3461
1975 3468
1975 3473
1975 3477
1975 3487
1975 3492
1975 3493
1975 3513
1975 3533
1975 3553
1975 3562
1975 3571
1975 3581
1975 3583
1975 3626
1975 3635
1975 3647
1975 3694
1976 3461
1976 3468
1976 3477
1976 3513
1976 3637
1976 3711
2002 3477
2002 3487
2002 3660
2009 3583
2010 3654
2010 3660
2010 3662
2014 3492
2014 3500
2014 3505
2014 3591
2014 3607
2014 3662
2014 3668
2014 3675
2014 3698
2016 3468
2016 3513
2016 3543
2016 3745
2020 3486
2020 3547
2020 3562
2023 3461
2023 3477
2023 3635
2023 3678
2023 3681
2025 3477
2025 3675
2027 3461
2027 3486
2027 3708
2030 3505
2030 3569
2030 3607
2030 3690
2030 3698
2030 3708
2030 3745
2037 3660
2037 3694
2047 3500
2047 3569
2048 3461
2048 3494
2048 3576
2048 3663
2048 3675
2065 3472
2065 3569
2069 3708
2077 3528
2077 3543
2077 3570
2081 3663
2093 3660
2093 3663
2095 3472
2100 3505
2101 3668
2101 3731
2104 3461
2104 3468
2104 3475
2104 3487
2104 3526
2104 3562
2104 3591
2104 3638
2104 3654
2104 3690
2104 3694
2104 3708
2104 3716
2104 3745
2104 3755
2111 3472
2118 3468
2118 3473
2118 3569
2118 3638
2120 3486
2124 3468
2130 3690
2143 3635
2145 3461
2145 3472
2145 3526
2145 3543
2145 3621
2145 3654
2145 3711
2150 3475
2150 3492
2150 3611
2150 3751
2152 3636
2152 3663
2152 3668
2152 3698
2158 3493
2158 3677
2158 3716
2160 3562
2160 3611
2161 3468
2161 3486
2161 3528
2161 3547
2161 3562
2165 3461
2165 3492
2165 3526
2166 3461
2166 3468
2166 3472
2166 3473
2166 3475
2166 3477
2166 3486
2166 3487
2166 3492
2166 3494
2166 3505
2166 3523
2166 3528
2166 3533
2166 3538
2166 3543
2166 3547
2166 3562
2166 3569
2166 3570
2166 3581
2166 3582
2166 3583
2166 3591
2166 3594
2166 3607
2166 3611
2166 3621
2166 3636
2166 3638
2166 3641
2166 3654
2166 3660
2166 3662
2166 3663
2166 3668
2166 3675
2166 3677
2166 3694
2166 3698
2166 3708
2166 3716
2166 3731
2166 3745
2166 3750
2166 3751
2166 3755
2177 3668
2177 3716
2186 3607
2186 3660
2186 3690
2188 3533
2188 3750
2190 3698
2193 3481
2193 3526
2194 3668
2197 3569
2200 3523
2200 3637
2200 3745
2204 3636
2206 3472
2207 3487
2217 3505
2217 3526
2217 3659
2217 3755
2232 3486
2233 3582
2238 3468
2238 3472
2238 3473
2238 3475
2238 3477
2238 3487
2238 3494
2238 3547
2238 3569
2238 3582
2238 3583
2238 3607
2238 3621
2238 3638
2238 3662
2238 3668
2238 3675
2238 3677
2238 3694
2238 3751
2239 3468
2239 3494
2239 3654
2239 3694
2242 3494
2243 3486
2243 3505
2243 3523
2243 3553
2243 3570
2243 3581
2243 3583
2243 3594
2243 3621
2243 3629
2243 3636
2243 3654
2243 3663
2243 3699
2243 3731
2245 3472
2245 3547
2245 3553
2245 3583
2245 3621
2245 3638
2245 3654
2245 3660
2245 3690
2245 3716
2251 3461
2251 3500
2251 3637
2251 3708
2251 3755
2258 3523
2261 3668
2261 3755
2262 3662
2264 3698
2267 3500
2267 3637
2269 3461
2269 3468
2269 3472
2269 3473
2269 3475
2269 3477
2269 3492
2269 3494
2269 3500
2269 3505
2269 3523
2269 3526
2269 3562
2269 3569
2269 3581
2269 3583
2269 3607
2269 3611
2269 3621
2269 3636
2269 3638
2269 3641
2269 3654
2269 3659
2269 3660
2269 3662
2269 3663
2269 3666
2269 3668
2269 3675
2269 3677
2269 3690
2269 3694
2269 3698
2269 3708
2269 3711
2269 3745
2269 3750
2269 3751
2270 3461
2270 3594
2272 3654
2272 3659
2274 3461
2274 3473
2274 3487
2274 3607
2274 3675
2277 3468
2277 3472
2277 3523
2277 3694
2277 3745
2277 3751
2278 3468
2278 3487
2280 3475
2280 3547
2281 3468
2281 3473
2281 3477
2281 3487
2283 3461
2283 3500
2283 3675
2283 3690
2285 3473
2285 3690
2287 3486
2287 3492
2287 3526
2287 3547
2287 3581
2287 3582
2287 3621
2287 3666
2290 3461
2290 3468
2290 3473
2290 3477
2290 3486
2290 3492
2290 3494
2290 3513
2290 3533
2290 3547
2290 3562
2290 3581
2290 3582
2290 3583
2290 3621
2290 3638
2290 3654
2295 3513
2302 3468
2302 3513
2302 3569
2302 3677
2308 3654
2313 3690
2314 3660
2315 3461
2315 3547
2315 3562
2315 3638
2323 3708
2327 3708
2335 3472
2335 3739
2336 3475
2336 3562
2336 3711
2351 3569
2351 3607
2351 3668
2351 3694
2354 3523
2366 3505
2372 3668
2372 3708
2380 3500
2380 3663
2380 3694
2381 3474
2381 3486
2381 3494
2381 3562
2381 3582
2381 3583
2381 3638
2388 3468
2388 3533
2388 3562
2388 3638
2397 3591
2403 3468
2403 3487
2403 3492
2403 3520
2403 3523
2403 3534
2403 3547
2403 3553
2403 3571
2403 3576
2403 3621
2403 3626
2403 3647
2403 3654
2403 3660
2403 3663
2403 3681
2403 3699
2403 3716
2403 3741
2403 3750
2403 3765
2412 3468
2412 3472
2412 3473
2412 3492
2412 3505
2412 3526
2412 3569
2412 3636
2412 3654
2412 3666
2412 3675
2412 3677
2412 3698
2412 3751
2421 3461
2421 3500
2421 3607
2426 3745
2435 3461
2443 3500
2443 3523
2443 3660
2443 3666
2443 3698
2443 3745
2444 3621
2453 3675
2461 3472
2461 3475
2461 3513
2461 3547
2461 3553
2461 3621
2461 3750
2463 3624
2463 3699
2463 3716
2463 3750
2463 3751
2467 3638
2476 3621
2476 3663
2483 3468
2483 3487
2483 3494
2483 3569
2483 3660
2488 3468
2488 3473
2488 3477
2488 3486
2488 3487
2488 3583
2491 3461
2491 3468
2491 3472
2491 3473
2491 3475
2491 3477
2491 3486
2491 3487
2491 3492
2491 3523
2491 3582
2491 3611
2491 3638
2491 3654
2491 3677
2491 3690
2491 3694
2491 3708
2491 3716
2491 3745
2491 3750
2491 3751
2491 3755
2492 3533
2495 3461
2495 3472
2495 3473
2495 3475
2495 3477
2495 3492
2495 3494
2495 3505
2495 3523
2495 3526
2495 3543
2495 3569
2495 3582
2495 3607
2495 3611
2495 3636
2495 3638
2495 3659
2495 3660
2495 3666
2495 3668
2495 3675
2495 3677
2495 3694
2495 3698
2495 3708
2495 3711
2495 3716
2495 3745
2495 3750
2495 3751
2495 3755
2504 3750
2504 3751
2506 3523
2506 3591
2510 3468
2510 3500
2510 3523
2510 3637
2510 3641
2510 3708
2510 3745
2511 3468
2527 3526
2527 3547
2527 3562
2527 3569
2527 3582
2527 3660
2527 3694
2527 3755
2528 3569
2533 3526
2533 3666
2541 3468
2541 3694
2543 3468
2543 3472
2543 3523
2543 3533
2543 3562
2543 3607
2543 3611
2543 3654
2543 3675
2543 3694
2543 3698
2543 3708
2544 3461
2544 3500
2544 3523
2544 3690
2545 3468
2545 3492
2545 3500
2545 3562
2545 3638
2545 3654
2545 3677
2545 3694
2549 3461
2549 3475
2549 3477
2549 3486
2549 3487
2549 3492
2549 3494
2549 3513
2549 3553
2549 3562
2549 3581
2549 3583
2549 3591
2549 3611
2549 3621
2549 3637
2549 3654
2549 3660
2549 3699
2549 3745
2549 3750
2549 3755
2550 3654
2551 3621
2551 3654
2551 3660
2551 3663
2552 3708
2558 3637
2571 3472
2571 3475
2571 3698
2571 3708
2572 3468
2593 3526
2595 3591
2597 3528
2599 3505
2599 3569
2599 3607
2599 3666
2599 3698
2601 3708
2607 3638
2610 3547
2611 3638
2612 3569
2613 3698
2636 3694
2639 3591
2640 3472
2640 3663
2640 3694
2641 3473
2641 3492
2641 3494
2644 3473
2644 3475
2662 3487
2662 3547
2662 3562
2662 3583
2662 3621
2662 3654
2662 3716
2662 3755
2664 3738
2665 3468
2667 3745
2667 3755
2670 3708
2677 3468
2677 3583
2678 3562
2679 3481
2680 3461
2680 3505
2680 3569
2680 3662
2680 3698
2680 3708
2681 3468
2681 3708
2688 3553
2691 3708
2692 3505
2692 3526
2692 3636
2692 3698
2696 3468
2698 3472
2698 3668
2718 3461
2718 3473
2726 3526
2726 3583
2726 3611
2726 3621
2726 3654
2726 3663
2739 3475
2739 3607
2739 3637
2739 3638
2739 3675
2739 3690
2739 3694
2741 3468
2741 3477
2741 3486
2741 3487
2741 3513
2741 3716
2741 3750
2747 3681
2749 3663
2749 3698
2750 3547
2750 3583
2750 3663
2750 3694
2754 3562
2754 3570
2771 3698
2771 3716
2776 3708
2781 3751
2785 3487
2785 3494
2797 3472
2797 3494
2797 3607
2797 3638
2797 3654
2797 3660
2797 3698
2797 3745
2797 3751
2799 3468
2799 3473
2799 3475
2799 3477
2799 3486
2799 3494
2799 3505
2799 3523
2799 3562
2799 3569
2799 3581
2799 3582
2799 3607
2799 3636
2799 3638
2799 3654
2799 3660
2799 3675
2799 3698
2799 3716
2807 3500
2807 3523
2807 3547
2807 3607
2807 3690
2808 3473
2810 3473
2810 3477
2810 3513
2811 3666
2812 3494
2812 3660
2812 3668
2815 3621
2815 3654
2815 3708
2818 3641
2818 3668
2818 3755
2824 3654
2826 3526
2826 3662
2826 3745
2829 3523
2830 3468
2830 3486
2830 3487
2830 3492
2830 3494
2830 3505
2830 3569
2830 3571
2830 3583
2830 3660
2830 3668
2830 3694
2838 3472
2838 3494
2838 3533
2838 3569
2838 3621
2838 3675
2838 3708
2839 3486
2839 3500
2839 3607
2839 3636
2839 3659
2841 3698
2845 3500
2845 3607
2849 3750
2850 3654
2854 3477
2854 3547
2854 3654
2854 3663
2854 3668
2855 3663
2856 3461
2856 3523
2856 3582
2857 3472
2857 3475
2857 3500
2857 3523
2857 3538
2857 3569
2857 3607
2857 3637
2857 3662
2857 3675
2857 3677
2857 3690
2857 3698
2857 3745
2857 3746
2857 3750
2857 3751
2857 3755
2858 3694
2859 3461
2859 3472
2859 3492
2859 3494
2859 3500
2859 3505
2859 3523
2859 3526
2859 3569
2859 3582
2859 3607
2859 3611
2859 3621
2859 3624
2859 3636
2859 3637
2859 3638
2859 3659
2859 3660
2859 3662
2859 3663
2859 3666
2859 3675
2859 3677
2859 3690
2859 3698
2859 3708
2859 3716
2859 3730
2859 3739
2859 3745
2859 3750
2859 3751
2859 3755
2860 3660
2860 3663
2860 3694
2860 3716
2860 3739
2861 3473
2861 3477
2861 3486
2861 3582
2861 3750
2861 3751
2862 3475
2862 3492
2862 3500
2862 3569
2862 3583
2862 3659
2862 3666
2862 3677
2862 3708
2862 3745
2862 3750
2863 3472
2863 3475
2863 3492
2863 3494
2863 3500
2863 3505
2863 3523
2863 3526
2863 3538
2863 3569
2863 3581
2863 3607
2863 3621
2863 3636
2863 3638
2863 3641
2863 3660
2863 3663
2863 3675
2863 3677
2863 3690
2863 3694
2863 3698
2863 3708
2863 3716
2863 3745
2863 3750
2863 3751
2864 3472
2864 3473
2864 3477
2864 3486
2864 3487
2864 3492
2864 3494
2864 3501
2864 3520
2864 3523
2864 3576
2864 3621
2864 3638
2864 3654
2864 3660
2864 3663
2864 3677
2864 3681
2864 3694
2864 3716
2864 3751
2864 3755
2865 3492
2865 3675
2865 3677
2865 3699
2865 3750
2865 3755
2866 3468
2866 3473
2866 3477
2866 3486
2866 3487
2866 3492
2866 3494
2866 3500
2866 3526
2866 3534
2866 3543
2866 3562
2866 3569
2866 3571
2866 3581
2866 3582
2866 3583
2866 3607
2866 3611
2866 3621
2866 3637
2866 3638
2866 3654
2866 3663
2866 3668
2866 3681
2866 3690
2866 3694
2866 3698
2866 3699
2866 3708
2866 3716
2866 3745
2867 3487
2867 3505
2867 3581
2867 3582
2868 3526
2868 3637
2868 3675
2868 3677
2869 3500
2869 3538
2869 3569
2869 3607
2869 3690
2869 3708
2869 3745
2870 3621
2870 3751
2871 3475
2871 3477
2871 3492
2871 3661
2871 3694
2871 3698
2871 3716
2871 3765
2872 3475
2872 3526
2872 3654
2872 3716
2873 3472
2873 3475
2873 3624
2873 3638
2873 3654
2873 3660
2873 3663
2873 3677
2873 3694
2873 3716
2873 3751
2879 3638
2882 3666
2886 3486
2886 3526
2886 3659
2887 3473
2887 3477
2887 3486
2887 3494
2887 3523
2887 3547
2887 3582
2887 3637
2887 3638
2887 3690
2887 3708
2887 3750
2887 3751
2894 3547
2899 3638
2899 3663
2900 3523
2900 3666
2900 3698
2900 3708
2900 3745
2900 3755
2912 3461
2912 3473
2912 3569
2912 3607
2912 3698
2912 3708
2914 3562
2914 3611
2914 3636
2914 3638
2915 3654
2915 3677
2915 3750
2932 3468
2932 3581
2932 3583
2932 3694
2943 3553
2948 3494
2948 3571
2948 3621
2948 3638
2950 3468
2951 3528
2955 3523
2956 3468
2956 3472
2956 3473
2956 3477
2956 3486
2956 3492
2956 3494
2956 3513
2956 3523
2956 3553
2956 3581
2956 3607
2956 3637
2956 3662
2956 3668
2956 3675
2956 3677
2956 3694
2956 3745
2956 3751
2958 3486
2958 3500
2958 3523
2958 3621
2968 3500
2968 3570
2968 3594
2968 3637
2968 3731
2971 3494
2971 3694
2973 3461
2980 3492
2980 3500
2980 3569
2980 3662
2980 3694
2991 3468
2991 3487
2991 3492
2991 3500
2991 3505
2991 3523
2991 3526
2991 3569
2991 3582
2991 3607
2991 3636
2991 3637
2991 3654
2991 3659
2991 3662
2991 3666
2991 3677
2991 3690
2991 3698
2991 3708
2991 3745
2991 3755
2992 3468
2992 3473
2992 3487
2992 3494
2992 3533
2992 3547
2992 3562
2992 3581
2992 3582
2992 3621
2992 3638
2992 3663
2992 3675
2992 3694
2992 3698
2992 3755
2999 3487
2999 3494
2999 3582
2999 3607
2999 3638
2999 3660
2999 3698
3002 3494
3002 3553
3002 3654
3002 3663
3003 3487
3003 3492
3003 3523
3003 3533
3003 3583
3003 3654
3003 3750
3006 3461
3006 3523
3006 3607
3006 3690
3006 3698
3007 3461
3007 3468
3007 3553
3007 3562
3007 3611
3011 3472
3011 3751
3013 3461
3013 3477
3013 3492
3013 3493
3013 3500
3013 3523
3013 3569
3013 3641
3013 3675
3013 3698
3013 3708
3013 3731
3013 3745
3013 3751
3014 3461
3014 3500
3014 3526
3014 3543
3014 3637
3014 3641
3014 3659
3014 3662
3014 3666
3014 3668
3014 3690
3014 3711
3015 3493
3015 3500
3015 3662
3015 3694
3016 3473
3016 3494
3016 3547
3016 3581
3016 3582
3016 3621
3016 3654
3016 3660
3016 3663
3028 3607
3028 3755
3029 3473
3029 3486
3029 3492
3029 3581
3029 3583
3030 3468
3030 3492
3030 3494
3030 3547
3030 3553
3030 3562
3030 3582
3030 3621
3030 3638
3030 3654
3030 3660
3030 3663
3031 3486
3031 3547
3035 3668
3036 3468
3036 3475
3036 3562
3036 3582
3036 3607
3036 3662
3036 3666
3036 3668
3036 3675
3036 3708
3036 3745
3036 3750
3036 3755
3039 3505
3039 3675
3048 3468
3057 3500
3057 3523
3057 3583
3057 3607
3058 3526
3074 3487
3074 3494
3077 3461
3077 3468
3077 3473
3077 3477
3077 3486
3077 3494
3077 3533
3077 3553
3077 3562
3077 3576
3077 3582
3077 3583
3077 3621
3077 3638
3077 3654
3078 3660
3081 3472
3081 3486
3081 3523
3081 3533
3081 3569
3081 3581
3081 3621
3081 3698
3081 3708
3084 3611
3084 3635
3087 3492
3092 3468
3092 3472
3092 3494
3092 3745
3095 3500
3105 3513
3105 3611
3110 3562
3118 3553
3118 3577
3118 3581
3118 3583
3122 3468
3124 3755
3125 3500
3125 3523
3125 3662
3125 3668
3125 3690
3126 3461
3126 3473
3126 3475
3126 3487
3126 3505
3126 3523
3126 3533
3126 3543
3126 3547
3126 3562
3126 3569
3126 3637
3126 3662
3126 3668
3126 3677
3126 3694
3126 3716
3126 3750
3126 3755
3127 3690
3128 3694
3129 3461
3129 3492
3129 3523
3129 3526
3129 3745
3130 3472
3130 3475
3130 3492
3130 3523
3130 3636
3130 3660
3130 3663
3130 3666
3130 3675
3130 3690
3130 3694
3130 3698
3130 3716
3130 3745
3130 3750
3130 3755
3132 3638
3137 3677
3140 3473
3140 3487
3140 3494
3140 3581
3140 3621
3144 3607
3144 3694
3144 3698
3144 3708
3145 3468
3145 3473
3145 3477
3145 3523
3145 3562
3145 3583
3145 3621
3145 3666
3145 3668
3146 3477
3146 3494
3150 3454
3159 3699
3159 3750
3165 3523
3165 3607
3167 3505
3173 3468
3173 3492
3173 3523
3173 3638
3173 3654
3173 3662
3173 3675
3173 3694
3173 3745
3174 3523
3180 3708
3185 3738
3186 3475
3200 3523
3200 3638
3200 3677
3204 3472
3204 3716
3204 3751
3204 3755
3213 3461
3213 3473
3213 3477
3213 3513
3214 3523
3214 3745
3215 3473
3215 3582
3215 3638
3216 3523
3217 3505
3217 3675
3217 3698
3219 3750
3235 3475
3238 3473
3238 3492
3244 3472
3244 3500
3244 3523
3244 3547
3244 3562
3244 3621
3244 3660
3244 3663
3244 3694
3245 3477
3245 3638
3245 3663
3247 3611
3251 3477
3251 3494
3251 3694
3255 3472
3255 3475
3255 3638
3255 3698
3255 3751
3258 3468
3258 3473
3258 3477
3258 3486
3258 3487
3259 3526
3259 3675
3260 3468
3260 3694
3266 3666
3268 3472
3268 3694
3270 3755
3271 3621
3272 3500
3272 3523
3272 3607
3272 3636
3272 3675
3272 3690
3272 3698
3272 3745
3277 3472
3277 3547
3277 3668
3277 3751
3280 3477
3281 3607
3290 3468
3290 3473
3300 3526
3300 3528
3300 3641
3300 3662
3300 3690
3300 3708
3300 3745
3301 3468
3304 3475
3304 3569
3304 3663
3304 3694
3305 3475
3305 3662
3305 3745
3306 3461
3308 3472
3308 3475
3308 3492
3308 3523
3308 3638
3308 3663
3308 3677
3308 3694
3308 3716
3309 3472
3309 3475
3309 3492
3309 3494
3309 3500
3309 3505
3309 3526
3309 3581
3309 3621
3309 3638
3309 3654
3309 3659
3309 3660
3309 3666
3309 3668
3309 3675
3309 3677
3309 3690
3309 3694
3309 3716
3309 3750
3309 3755
3310 3755
3314 3654
3317 3583
3317 3611
3317 3621
3322 3694
3323 3494
3323 3500
3323 3523
3325 3473
3325 3477
3325 3487
3325 3494
3325 3547
3325 3581
3325 3582
3325 3583
3325 3621
3325 3638
3325 3654
3325 3663
3325 3677
3325 3694
3325 3711
3325 3716
3325 3755
3326 3635
3328 3513
3328 3607
3328 3660
3330 3492
3330 3494
3330 3526
3330 3569
3330 3582
3330 3583
3330 3607
3330 3621
3330 3636
3330 3666
3330 3675
3330 3698
3331 3637
3332 3523
3332 3694
3333 3468
3333 3475
3333 3492
3333 3493
3333 3500
3333 3505
3333 3513
3333 3569
3333 3607
3333 3662
3333 3675
3333 3677
3334 3492
3334 3513
3334 3562
3334 3571
3334 3581
3334 3583
3334 3675
3336 3468
3336 3473
3336 3475
3336 3477
3336 3487
3336 3751
3337 3461
3337 3475
3337 3569
3337 3607
3337 3660
3337 3675
3337 3716
3347 3454
3351 3475
3351 3477
3351 3638
3352 3523
3352 3543
3352 3637
3352 3662
3352 3675
3352 3751
3359 3468
3359 3473
3359 3477
3359 3487
3359 3582
3359 3583
3366 3461
3366 3468
3366 3473
3366 3477
3366 3513
3366 3694
3367 3461
3367 3487
3367 3547
3370 3468
3370 3493
3370 3571
3370 3583
3370 3621
3370 3660
3370 3663
3370 3694
3371 3455
3371 3468
3379 3461
3379 3468
3379 3473
3379 3477
3379 3487
3379 3513
3380 3468
3380 3513
3380 3571
3381 3468
3381 3486
3381 3487
3381 3494
3381 3523
3381 3581
3381 3582
3381 3583
3381 3611
3381 3621
3381 3638
3381 3662
3381 3708
3381 3745
3381 3755
3384 3494
3385 3468
3385 3486
3385 3487
3385 3494
3385 3541
3385 3582
3385 3583
3387 3468
3387 3486
3390 3621
3391 3533
3393 3663
3394 3461
3394 3569
3394 3582
3394 3621
3394 3663
3394 3694
3394 3698
3394 3708
3394 3716
3394 3751
3394 3755
3395 3475
3395 3492
3395 3523
3395 3638
3395 3663
3395 3716
3395 3755
3399 3473
3399 3477
3399 3486
3399 3487
3401 3528
3419 3663
3421 3493
3421 3505
3423 3569
3423 3663
3425 3638
3428 3461
3428 3621
3434 3492
3436 3461
3437 3472
3437 3492
3437 3523
3437 3581
3437 3750
3437 3751
3438 3607
3438 3637
3438 3675
3438 3677
3438 3698
3439 3547
3440 3582
3440 3583
3442 3472
3442 3475
3442 3492
3442 3523
3442 3569
3442 3570
3442 3660
3442 3675
3442 3694
3442 3708
3442 3716
3442 3750
3442 3751
3444 3513
3444 3637
3444 3668
3444 3675
3444 3745
3445 3523
3445 3621
3445 3654
3445 3660
3445 3668
3445 3694
3445 3755
3447 3475
3449 3473
3449 3477
3451 3638
3457 3461
3458 3461
3459 3461
3466 3494
3467 3473
3467 3475
3467 3492
3470 3473
3471 3473
3472 3473
3472 3475
3472 3663
3472 3750
3472 3751
3475 3477
3476 3477
3477 3523
3477 3750
3478 3468
3478 3494
3478 3533
3478 3553
3478 3562
3478 3694
3478 3716
3481 3461
3481 3526
3481 3569
3481 3659
3481 3675
3481 3708
3482 3468
3482 3523
3483 3468
3484 3468
3485 3468
3487 3663
3488 3487
3489 3487
3490 3492
3490 3494
3490 3668
3491 3494
3492 3494
3492 3505
3492 3569
3492 3660
3493 3472
3493 3494
3498 3533
3500 3461
3500 3505
3500 3526
3500 3528
3500 3569
3500 3607
3500 3637
3500 3659
3500 3662
3500 3666
3500 3668
3500 3690
3500 3698
3500 3708
3500 3731
3500 3745
3500 3755
3502 3694
3505 3492
3505 3553
3506 3523
3507 3571
3510 3581
3512 3571
3514 3562
3514 3571
3515 3583
3517 3660
3519 3621
3519 3755
3523 3607
3523 3638
3523 3661
3523 3694
3523 3738
3523 3745
3526 3708
3527 3533
3528 3533
3529 3547
3530 3533
3531 3533
3531 3553
3532 3594
3532 3716
3534 3654
3534 3663
3536 3500
3536 3523
3536 3526
3536 3569
3536 3607
3536 3698
3536 3708
3538 3569
3538 3607
3538 3637
3538 3662
3538 3663
3538 3708
3538 3745
3542 3547
3543 3755
3544 3547
3545 3547
3545 3611
3545 3621
3545 3755
3546 3569
3546 3591
3549 3553
3550 3553
3550 3731
3551 3553
3554 3562
3555 3562
3555 3750
3556 3562
3557 3562
3557 3750
3558 3562
3559 3562
3560 3562
3561 3570
3563 3571
3564 3571
3565 3571
3566 3571
3567 3571
3568 3569
3568 3570
3568 3571
3576 3581
3578 3581
3579 3523
3579 3581
3580 3526
3580 3581
3585 3716
3585 3755
3587 3492
3588 3523
3588 3638
3588 3663
3588 3750
3590 3472
3592 3472
3592 3663
3592 3750
3592 3751
3596 3472
3596 3755
3597 3569
3599 3716
3600 3492
3600 3500
3600 3505
3600 3528
3600 3569
3600 3570
3600 3594
3600 3607
3600 3636
3600 3637
3600 3675
3600 3677
3600 3690
3600 3716
3601 3475
3601 3492
3601 3708
3605 3750
3607 3538
3607 3569
3607 3661
3607 3663
3607 3675
3607 3694
3607 3698
3608 3611
3609 3611
3610 3654
3613 3492
3613 3668
3613 3694
3616 3621
3617 3621
3618 3621
3619 3621
3620 3621
3622 3582
3623 3582
3626 3607
3628 3629
3630 3635
3631 3635
3632 3635
3634 3472
3636 3638
3636 3698
3637 3500
3637 3638
3637 3675
3637 3698
3637 3745
3638 3523
3638 3750
3639 3698
3640 3677
3640 3698
3641 3500
3641 3569
3641 3662
3642 3750
3645 3654
3653 3492
3655 3475
3655 3750
3657 3523
3658 3660
3662 3663
3663 3663
3663 3694
3665 3663
3666 3663
3667 3663
3667 3694
3668 3492
3668 3523
3668 3526
3668 3662
3668 3663
3668 3694
3668 3745
3668 3755
3670 3671
3675 3493
3675 3681
3675 3716
3675 3741
3675 3755
3676 3461
3676 3523
3676 3538
3676 3569
3676 3607
3676 3662
3676 3708
3676 3745
3676 3755
3679 3681
3680 3681
3681 3500
3681 3526
3681 3659
3683 3750
3685 3492
3685 3505
3685 3523
3685 3607
3685 3694
3685 3716
3686 3694
3687 3569
3690 3694
3691 3694
3692 3607
3692 3662
3692 3668
3692 3694
3693 3694
3695 3492
3697 3523
3698 3472
3698 3607
3698 3637
3698 3751
3699 3472
3699 3475
3699 3750
3706 3570
3706 3668
3708 3569
3710 3712
3715 3716
3721 3722
3731 3472
3731 3492
3731 3500
3731 3505
3731 3526
3731 3543
3731 3594
3731 3636
3731 3637
3731 3666
3731 3690
3731 3745
3731 3755
3732 3472
3732 3755
3734 3735
3735 3735
3738 3739
3744 3745
3745 3505
3745 3523
3745 3538
3745 3569
3745 3607
3745 3636
3745 3662
3745 3668
3745 3675
3745 3690
3745 3698
3745 3708
3745 3726
3745 3731
3745 3738
3745 3750
3750 3472
3750 3523
3750 3675
3750 3751
3751 3543
3751 3668
3751 3755
3752 3523
3752 3750
3755 3461
3756 3755
3757 3755
3758 3755
3759 3755
3760 3726
3760 3755
3762 3637
3762 3698
3762 3711
3767 3472
3767 3493
3767 3677
3767 3750
3768 3526
3768 3666
3768 3698
3768 3745
3768 3750
3769 3475
3769 3523
3769 3750
3770 3472
3770 3475
3770 3523
3770 3677
3770 3750
3770 3751
3771 3750
3772 3472
3773 3472
3774 3472
3775 3472
3776 3472
3777 3472
3778 3472
3779 3472
3780 3472
3781 3472
3782 3472
3783 3472
3784 3472
3785 3472
3786 3472
3786 3475
3787 3472
3788 3472
3789 3472
3789 3526
3790 3472
3791 3472
3792 3461
3792 3500
3792 3523
3792 3543
3792 3637
3792 3666
3792 3690
3795 3528
3795 3569
3797 3500
3797 3607
3797 3637
3797 3668
3797 3698
3797 3755
3798 3505
3798 3636
3798 3745
3802 3675
3802 3677
3803 3505
3803 3607
3803 3698
3806 3523
3811 3523
3811 3708
3817 3626
3817 3659
3823 3475
3824 3475
3824 3523
3824 3699
3824 3745
3825 3475
3830 3641
3830 3668
3830 3675
3840 3523
3840 3690
3845 3677
3849 3569
3849 3745
3849 3755
3852 3570
3852 3591
3852 3745
3852 3755
3853 3666
3867 3698
3867 3731
3878 3500
3878 3523
3878 3526
3878 3666
3878 3690
3878 3708
3878 3745
3882 3607
3882 3636
3882 3641
3882 3662
3882 3755
3883 3505
3883 3569
3883 3607
3883 3636
3883 3698
3883 3708
3885 3543
3891 3708
3893 3708
3896 3461
3896 3708
3897 3708
3899 3523
3899 3569
3899 3607
3899 3698
3899 3708
3899 3731
3899 3745
3902 3708
3903 3708
3907 3708
3910 3675
3910 3677
3911 3481
3912 3698
3912 3731
3922 3528
3923 3662
3931 3500
3931 3607
3931 3637
3931 3708
3931 3745
3933 3461
3933 3492
3933 3500
3933 3505
3933 3523
3933 3543
3933 3569
3933 3607
3933 3636
3933 3637
3933 3666
3933 3675
3933 3690
3933 3698
3933 3708
3963 3523
3964 3523
3965 3523
3967 3708
3970 3492
3974 3492
3974 3505
3974 3526
3974 3569
3974 3570
3974 3591
3974 3594
3974 3607
3974 3636
3974 3675
3974 3698
3974 3708
3974 3745
3974 3755
3977 3708
3983 3492
3983 3500
3983 3607
3983 3690
3983 3711
3983 3745
3985 3492
3985 3668
3986 3461
3986 3492
3986 3500
3986 3505
3986 3523
3986 3526
3986 3538
3986 3569
3986 3607
3986 3636
3986 3637
3986 3641
3986 3659
3986 3662
3986 3666
3986 3668
3986 3675
3986 3690
3986 3698
3986 3708
3986 3711
3986 3745
3986 3755
3988 3636
3992 3500
3992 3505
3992 3690
3992 3698
3992 3745
3994 3500
3994 3636
3994 3690
3994 3698
3998 3523
3999 3523
3999 3698
3999 3711
4000 3523
4000 3668
4000 3745
4000 3746
4005 3461
4005 3500
4005 3677
4007 3731
4008 3492
4013 3500
4013 3505
4013 3569
4013 3607
4013 3637
4013 3668
4013 3711
4013 3731
4013 3745
4015 3675
4016 3698
4017 3675
4020 3523
4021 3607
4021 3698
4027 3569
4027 3636
4027 3662
4027 3745
4028 3641
4028 3651
4028 3690
4028 3711
4031 3543
4031 3745
4032 3569
4032 3708
4032 3745
4038 3662
4038 3668
4040 3492
4047 3641
4048 3698
4048 3745
4051 3523
4051 3731
4055 3755
4056 3745
4057 3659
4065 3492
4070 3461
4070 3500
4070 3526
4070 3543
4070 3569
4070 3570
4070 3607
4070 3626
4070 3637
4070 3659
4070 3666
4070 3668
4070 3675
4070 3690
4070 3698
4070 3745
4070 3755
4085 3500
4088 3481
4088 3698
4090 3651
4091 3543
4091 3570
4091 3594
4091 3637
4091 3668
4091 3711
4091 3755
4094 3523
4094 3569
4096 3569
4096 3607
4096 3637
4096 3675
4096 3738
4103 3461
4103 3675
4106 3500
4106 3523
4106 3526
4106 3666
4106 3690
4108 3637
4108 3666
4113 3668
4115 3675
4115 3738
4116 3607
4116 3636
4116 3675
4116 3690
4116 3711
4118 3607
4118 3745
4122 3569
4122 3662
4122 3668
4122 3675
4123 3738
4124 3738
4125 3738
4127 3505
4127 3569
4127 3607
4127 3626
4127 3636
4132 3708
4132 3755
4135 3500
4135 3708
4135 3711
4136 3500
4136 3523
4136 3637
4136 3690
4136 3745
4137 3500
4137 3523
4138 3461
4138 3591
4138 3668
4139 3745
4140 3461
4140 3666
4140 3745
4141 3461
4141 3500
4141 3526
4141 3569
4141 3659
4141 3662
4141 3666
4141 3668
4141 3698
4141 3708
4141 3745
4141 3755
4142 3500
4142 3637
4142 3668
4143 3500
4144 3461
4144 3481
4144 3500
4144 3523
4144 3526
4144 3543
4144 3637
4144 3662
4144 3666
4144 3668
4144 3708
4144 3745
4144 3755
4145 3659
4145 3666
4145 3668
4145 3690
4146 3461
4146 3690
4146 3708
4146 3745
4147 3666
4149 3461
4149 3505
4149 3569
4149 3607
4149 3636
4149 3698
4149 3708
4149 3745
4150 3637
4150 3641
4152 3662
4152 3668
4153 3461
4153 3526
4153 3637
4153 3641
4153 3662
4153 3666
4153 3668
4153 3690
4153 3708
4153 3711
4153 3745
4153 3755
4154 3461
4154 3500
4154 3523
4154 3526
4154 3528
4154 3543
4154 3569
4154 3607
4154 3637
4154 3666
4154 3690
4154 3698
4154 3708
4154 3745
4155 3461
4155 3523
4155 3538
4155 3569
4155 3607
4155 3698
4155 3708
4155 3745
4155 3755
4158 3523
4159 3637
4159 3745
4161 3505
4164 3637
4165 3591
4165 3607
4165 3698
4165 3731
4166 3523
4168 3569
4168 3698
4168 3745
4175 3500
4176 3607
4184 3500
4192 3505
4192 3569
4192 3698
4195 3543
4195 3569
4202 3543
4202 3668
4203 3607
4206 3500
4206 3659
4206 3690
4207 3523
4207 3526
4207 3607
4207 3659
4207 3662
4207 3668
4207 3698
4207 3708
4207 3755
4210 3523
4212 3668
4213 3505
4214 3505
4215 3505
4216 3505
4219 3569
4222 3523
4222 3607
4222 3662
4222 3668
4222 3698
4229 3569
4229 3662
4229 3668
4230 3569
4231 3698
4232 3698
4233 3500
4233 3637
4233 3659
4233 3690
4233 3745
4240 3523
4240 3745
4241 3607
4241 3708
4242 3607
4243 3607
4244 3607
4244 3690
4245 3607
4245 3668
4247 3523
4262 3500
4262 3731
4264 3745
4288 3570
4289 3569
4290 3569
4291 3569
4291 3755
4292 3569
4293 3569
4294 3569
4295 3569
4301 3647
4301 3668
4304 3500
4305 3708
4307 3500
4318 3666
4319 3647
4321 3543
4321 3637
4323 3500
4323 3745
4330 3659
4330 3690
4332 3641
4334 3543
4335 3543
4339 3523
4339 3662
4340 3523
4340 3543
4340 3662
4343 3500
4352 3690
4354 3708
4354 3745
4358 3708
4359 3690
4361 3708
4361 3745
4362 3708
4363 3500
4363 3708
4363 3745
4364 3500
4364 3708
4365 3708
4366 3523
4366 3594
4366 3708
4366 3755
4367 3708
4368 3708
4369 3708
4370 3708
4373 3755
4383 3523
4387 3755
4396 3500
4396 3528
4396 3543
4396 3591
4396 3594
4396 3637
4396 3641
4396 3651
4396 3668
4396 3711
4396 3731
4396 3755
4402 3500
4402 3523
4402 3528
4402 3576
4402 3641
4402 3662
4402 3666
4402 3668
4402 3711
4402 3731
4404 3745
4411 3500
4411 3637
4411 3641
4411 3659
4416 3500
4418 3526
4419 3526
4419 3745
4429 3755
4430 3755
4436 3500
4436 3668
4436 3755
4441 3523
4446 3461
4447 3461
4448 3461
4451 3668
4452 3523
4452 3666
4452 3690
4458 3481
4461 3526
4464 3745
4469 3745
4484 3500
4484 3745
4485 3745
4486 3745
4487 3523
4487 3745
4488 3745
4489 3745
4490 3745
4494 3523
4495 3523
4495 3651
4499 3662
4499 3690
4502 3662
4504 3526
4504 3637
4508 3637
4508 3666
4509 3526
4509 3668
4512 3711
4513 3526
4513 3570
4513 3576
4513 3637
4513 3641
4513 3659
4513 3668
4513 3690
4513 3711
4513 3755
4520 3637
4538 3668
4542 3526
4543 3526
4544 3526
4545 3526
4553 3500
4560 3666
4563 3731
4564 3668
4565 3543
4567 3594
4571 3500
4571 3659
4571 3690
4575 3481
4575 3500
4579 3726
4580 3500
4580 3637
4580 3641
4580 3659
4580 3668
4580 3711
4584 3500
4584 3755
4586 3528
4586 3570
4586 3594
4586 3637
4586 3641
4586 3668
4586 3711
4586 3731
4586 3755
4588 3637
4588 3690
4590 3543
4594 3711
4595 3543
4595 3576
4595 3641
4595 3668
4598 3500
4598 3570
4598 3591
4598 3668
4600 3711
4600 3755
4601 3637
4602 3570
4602 3591
4602 3637
4602 3641
4602 3668
4603 3500
4603 3659
4605 3543
4606 3528
4606 3543
4607 3576
4608 3668
4616 3500
4629 3690
4630 3690
4631 3500
4631 3591
4631 3690
4631 3711
4632 3570
4640 3500
4640 3668
4641 3528
4641 3731
4667 3594
4670 3594
4672 3591
4679 3500
4681 3711
4682 3500
4699 3500
4699 3637
4704 3594
4710 3637
4713 3500
4726 3668
4726 3711
4726 3755
4732 3637
4742 3500
4742 3594
4752 3543
4752 3591
4760 3500
4760 3528
4761 3500
4762 3500
4763 3500
4764 3500
4764 3641
4765 3500
4766 3500
4767 3500
4768 3500
4769 3500
4770 3500
4797 3668
4798 3711
4816 3641
4839 3731
4876 3594
4882 3570
4882 3668
4885 3528
4898 3528
4898 3731
4900 3637
4900 3711
4904 3668
4918 3543
4920 3543
4920 3668
4920 3755
4923 3543
4925 3637
4935 3543
4935 3668
4938 3543
4947 3637
4949 3637
4950 3637
4951 3668
4961 3711
4968 3641
4968 3668
4968 3711
4978 3570
4980 3637
5016 3543
5029 3641
5032 3543
5068 3711
5085 3641
5085 3668
5086 3651
5086 3668
5088 3668
5100 3651
5111 3543
5111 3731
5112 3570
5112 3594
5113 3711
5114 3543
5114 3668
5138 3570
5138 3591
5138 3594
5138 3711
5150 3668
5153 3755
5155 3543
5155 3641
5155 3668
5155 3755
5158 3755
5159 3543
5159 3668
5159 3755
5160 3668
5160 3755
5162 3528
5162 3543
5162 3594
5162 3731
5165 3731
5179 3641
5221 3543
5221 3731
5239 3570
5239 3641
5239 3668
5253 3543
5253 3570
5259 3641
5272 3543
5273 3668
5298 3668
5326 3641
5330 3591
5346 3668
5346 3731
5350 3543
5351 3528
5351 3543
5351 3570
5351 3591
5351 3731
5357 3668
5357 3755
5358 3731
5360 3651
5362 3594
5372 3543
5376 3528
5379 3668
5380 3528
5380 3731
5383 3570
5383 3591
5388 3668
5401 3668
5404 3543
5404 3668
5404 3755
5405 3594
5405 3731
5423 3668
5445 3668
5446 3668
5447 3668
5456 3570
5456 3591
5456 3594
5458 3594
5460 3528
5460 3543
5460 3594
5460 3731
5461 3570
5463 3528
5463 3731
5465 3528
5465 3570
5465 3731
5476 3755
5477 3755
5481 3570
5481 3591
5481 3731
5485 3528
5485 3651
5485 3731
5505 3731
5508 3543
5544 3731
5560 3543
5565 3570
5585 3528
5587 3528
5587 3594
5587 3731
5592 3731
5594 3591
5595 3731
5597 3591
5618 3570
5618 3591
5643 3543
5651 3543
5652 3543
5653 3543
5671 3594
5673 3731
5678 3570
5682 3570
5710 3528
5764 3731
5784 3528
5785 3528
5791 3594
5855 3570
5879 3570
5879 3591
5888 3570
5888 3591
5906 3594
5912 3591
5952 3594
5966 3591
5966 3594
5987 3570
5999 3651
6000 3570
6000 3591
6001 3591
6073 3570
6093 3570
6093 3591
6094 3570
6094 3591
6097 3591
6124 3570
6124 3591
6144 3591
6204 3570
6204 3591
6212 3570
6215 3570
6223 3591
6224 3591
6225 3591
