0 462
0 476
0 479
0 481
0 485
0 497
0 503
1 455
1 537
3 316
3 317
3 318
3 327
3 328
3 329
3 331
3 333
3 339
3 342
3 343
3 352
3 357
3 358
3 363
3 367
3 368
3 369
3 371
3 375
3 376
3 382
3 434
3 445
3 455
3 459
3 461
3 462
3 474
3 476
3 479
3 481
3 484
3 485
3 487
3 494
3 497
3 502
3 503
3 505
3 509
3 531
3 542
3 545
3 550
3 553
3 556
3 568
3 577
3 580
3 596
3 603
3 606
3 612
5 316
5 317
5 318
5 327
5 328
5 329
5 331
5 333
5 339
5 342
5 343
5 357
5 358
5 363
5 364
5 367
5 368
5 369
5 375
5 376
5 401
5 414
5 418
5 427
5 434
5 445
5 455
5 459
5 461
5 462
5 476
5 479
5 481
5 484
5 485
5 487
5 494
5 497
5 500
5 502
5 503
5 505
5 508
5 509
5 513
5 514
5 517
5 518
5 519
5 524
5 525
5 537
5 542
5 543
5 544
5 545
5 549
5 550
5 552
5 553
5 556
5 557
5 558
5 559
5 561
5 582
5 589
5 593
5 596
5 598
5 612
5 620
5 625
6 316
6 317
6 318
6 327
6 328
6 329
6 331
6 339
6 357
6 358
6 363
6 367
6 375
6 376
6 421
6 454
6 455
6 474
6 487
6 503
6 516
6 544
6 549
6 589
6 606
7 342
7 368
7 445
7 494
7 502
7 509
7 513
7 517
7 518
7 519
7 524
7 542
7 543
7 544
7 545
7 549
7 550
7 552
7 553
7 558
7 561
7 577
7 582
7 589
7 593
7 598
7 612
7 615
7 618
7 619
7 621
7 625
8 343
8 344
8 352
8 365
8 367
8 368
8 375
8 376
8 393
8 401
8 414
8 418
8 441
8 445
8 454
8 455
8 470
8 474
8 482
8 494
8 500
8 501
8 502
8 503
8 505
8 509
8 513
8 514
8 517
8 518
8 519
8 524
8 525
8 531
8 532
8 535
8 544
8 545
8 549
8 552
8 553
8 556
8 557
8 558
8 559
8 561
8 563
8 577
8 581
8 582
8 583
8 585
8 589
8 591
8 593
8 595
8 596
8 598
8 603
8 606
8 612
8 613
8 615
8 616
8 618
8 619
8 620
8 621
8 625
9 327
9 363
9 364
9 368
9 434
9 459
9 502
9 519
9 532
9 548
9 553
9 558
9 559
9 574
9 582
9 598
9 619
11 316
11 317
11 327
11 328
11 331
11 333
11 339
11 357
11 358
11 363
11 376
11 434
11 455
11 459
11 461
11 462
11 476
11 479
11 484
11 502
11 505
11 508
11 509
11 511
11 516
11 519
11 537
11 542
11 550
12 354
12 455
12 484
12 494
12 552
12 610
12 625
13 525
13 620
14 316
14 317
14 328
14 485
14 487
14 514
14 542
14 544
14 552
14 558
14 612
14 621
15 365
15 445
15 531
16 459
16 476
16 479
16 484
16 485
16 487
17 316
17 317
17 318
17 328
17 339
17 361
17 363
17 365
17 382
17 393
17 459
17 462
17 485
17 487
17 494
17 502
17 503
17 514
17 516
17 519
17 524
17 537
17 542
17 543
17 544
17 552
17 558
17 559
17 561
17 574
17 577
17 580
17 582
17 583
17 595
17 596
17 618
17 620
17 625
18 358
18 365
18 369
18 375
18 382
18 393
18 401
18 445
18 485
18 487
18 503
18 505
18 525
18 542
18 543
18 549
18 552
18 596
18 598
20 445
20 481
20 485
20 495
20 508
20 509
20 542
20 549
20 552
20 557
20 577
20 582
20 598
21 317
21 328
21 344
21 352
21 393
21 441
21 445
21 455
21 474
21 484
21 494
21 516
21 521
21 524
21 531
21 532
21 535
21 548
21 552
21 561
21 573
21 574
21 582
21 583
21 585
21 593
21 595
21 612
21 614
21 621
21 625
22 316
22 318
22 344
22 358
22 375
22 401
22 441
22 445
22 455
22 485
22 487
22 494
22 497
22 537
22 545
22 552
22 556
22 558
22 573
22 582
22 596
22 612
23 316
23 317
23 318
23 326
23 327
23 328
23 331
23 333
23 352
23 356
23 357
23 358
23 363
23 367
23 369
23 455
23 459
23 461
23 462
23 476
23 479
23 485
23 524
23 556
23 558
23 561
23 563
23 625
24 316
24 318
24 327
24 331
24 333
24 339
24 358
24 363
24 369
24 461
24 462
24 479
24 481
24 485
24 497
24 502
24 505
24 508
24 514
24 517
24 518
24 519
24 524
24 542
24 549
24 552
24 553
24 556
24 561
24 563
24 577
24 593
24 610
24 615
24 618
24 619
25 328
25 333
25 339
25 342
25 343
25 352
25 364
25 375
25 401
25 479
25 485
25 494
25 508
25 517
25 519
25 524
25 542
25 544
25 552
25 556
25 558
25 561
25 589
25 596
25 598
25 603
25 612
25 615
25 618
25 619
25 621
25 625
26 326
26 328
26 331
26 333
26 339
26 343
26 344
26 352
26 371
26 375
26 427
26 434
26 445
26 482
26 484
26 494
26 497
26 503
26 517
26 542
26 545
26 550
26 552
26 553
26 554
26 556
26 557
26 559
26 561
26 563
26 577
26 580
26 589
26 593
26 595
26 606
26 612
26 625
28 342
28 421
29 421
30 333
30 339
30 376
30 434
30 441
32 316
32 317
32 318
32 327
32 328
32 331
32 339
32 352
32 358
32 441
32 532
32 535
33 316
33 328
33 331
33 333
33 339
33 354
33 363
33 367
33 375
33 393
33 445
33 455
33 474
33 494
33 516
33 524
33 525
33 531
33 532
33 542
33 548
33 550
33 552
33 561
33 574
33 580
33 583
33 585
33 593
33 595
33 603
33 606
33 610
34 501
34 502
34 542
35 352
35 484
35 502
36 344
36 352
36 445
36 503
36 505
36 518
36 519
36 545
36 582
36 625
38 316
38 339
38 358
38 561
38 625
39 316
39 317
39 328
39 333
39 344
39 352
39 441
39 445
39 459
39 542
39 544
39 585
39 615
39 619
39 625
41 327
41 328
41 393
43 316
43 317
43 318
43 328
43 331
43 333
43 339
43 344
43 364
43 367
43 459
43 461
43 485
43 502
43 514
43 542
43 549
43 561
43 580
43 589
43 620
44 326
44 342
44 352
44 363
44 364
44 367
44 382
44 441
44 455
44 502
44 532
44 542
44 549
44 552
44 558
44 580
45 328
45 357
45 459
45 549
46 333
46 421
46 549
46 620
48 484
48 502
48 542
48 612
48 621
51 331
52 318
52 339
52 344
52 375
52 382
52 401
52 445
52 556
52 573
52 574
52 603
52 606
52 612
53 352
53 419
53 513
53 621
54 352
54 445
54 542
54 558
54 625
56 316
56 317
56 328
56 344
56 354
56 357
56 361
56 367
56 445
56 459
56 479
56 494
56 531
56 596
56 606
59 352
63 331
63 339
63 494
63 500
63 625
64 328
64 342
64 625
65 318
65 393
65 501
65 537
65 577
66 328
66 339
66 363
66 375
66 382
66 445
66 455
66 459
66 494
66 519
66 582
67 344
67 358
67 363
67 367
67 368
67 376
67 418
67 461
67 462
67 479
67 481
67 484
67 485
67 487
67 525
67 545
67 552
67 593
67 606
67 625
68 317
68 331
69 382
69 401
69 516
69 525
69 531
69 550
69 585
69 620
70 441
70 445
70 494
70 612
70 625
71 418
72 497
72 514
72 532
72 577
73 316
73 317
73 318
73 327
73 328
73 329
73 333
73 356
73 357
73 358
73 364
73 367
73 369
73 461
73 462
74 328
74 494
74 525
74 574
74 580
74 606
75 339
75 369
75 375
75 455
75 485
75 494
75 519
75 524
75 531
75 542
75 543
75 544
75 549
75 558
75 561
75 563
75 593
75 596
75 598
75 603
75 606
75 612
75 618
77 421
78 328
78 342
78 344
78 352
78 364
78 375
78 382
78 434
78 445
78 459
78 494
78 516
78 557
78 573
78 593
78 606
78 621
79 333
79 344
79 375
79 441
79 445
79 474
79 494
79 501
79 535
79 542
79 544
79 552
79 573
79 580
79 610
79 625
80 441
80 625
81 354
81 375
81 445
81 454
81 455
81 494
81 532
81 606
81 610
81 620
81 621
81 625
85 505
85 542
85 625
87 549
89 317
89 455
90 342
90 421
90 625
92 328
92 474
92 494
92 542
92 543
92 552
92 561
92 577
92 593
92 612
92 618
93 316
93 333
93 399
93 549
93 552
94 559
95 474
96 399
96 421
98 352
99 365
99 401
99 427
99 505
99 508
99 542
99 550
99 552
99 595
99 603
99 606
100 316
100 317
100 421
100 494
100 503
100 524
100 553
100 603
101 375
101 427
101 595
104 340
104 393
104 501
104 610
106 401
106 421
106 525
106 580
106 585
106 603
107 375
107 382
107 573
107 574
107 606
107 614
107 625
108 318
108 339
108 354
108 367
108 445
108 479
108 500
108 508
108 537
108 542
108 577
108 610
109 318
109 603
110 363
111 375
111 537
111 542
111 543
111 606
112 364
112 445
112 542
112 603
112 625
113 328
113 339
114 331
114 339
114 484
114 542
115 367
115 376
115 479
116 375
116 376
116 401
116 455
116 461
116 485
116 487
116 494
116 525
116 542
116 545
116 548
116 553
116 556
116 561
116 593
116 596
116 603
116 618
116 620
117 375
117 376
117 503
117 561
117 613
117 615
117 619
117 625
118 318
118 327
118 333
118 339
118 352
118 364
118 367
118 371
118 485
118 487
119 339
119 474
119 577
120 316
120 317
120 318
120 327
120 328
120 331
120 333
120 339
120 368
120 454
120 461
120 462
120 485
120 521
120 532
120 535
120 574
120 580
120 585
121 328
121 516
122 580
122 610
123 344
123 367
123 461
123 462
123 479
123 482
123 484
123 485
123 487
123 500
123 502
124 339
124 445
124 525
124 531
124 545
124 583
124 593
124 596
124 606
124 620
125 462
125 476
125 484
125 542
125 550
125 552
127 316
127 339
127 342
127 344
127 352
127 375
127 445
127 502
127 509
127 524
127 606
127 621
130 333
130 516
130 548
130 573
130 574
130 580
130 583
130 615
130 625
132 559
135 485
135 518
135 559
137 354
137 375
137 393
137 441
137 535
137 545
137 556
137 606
139 548
139 614
141 368
141 441
141 454
141 470
141 474
141 532
142 328
142 615
142 616
143 352
143 368
143 382
143 454
143 455
143 470
143 474
143 482
143 494
143 516
143 532
143 535
143 550
143 568
143 574
143 580
143 606
143 614
145 368
145 535
145 585
146 363
146 559
146 612
147 333
147 342
147 365
147 455
147 459
147 485
147 494
147 508
147 556
147 580
147 593
147 596
147 603
148 344
148 445
148 556
148 612
148 625
149 339
149 559
151 363
151 485
151 494
151 532
151 535
151 537
151 542
151 552
151 596
151 621
154 331
154 441
154 494
154 495
154 543
154 544
154 549
154 582
154 606
159 318
159 343
159 368
159 445
159 481
159 494
159 625
160 339
160 354
160 375
160 393
160 445
160 542
160 606
163 474
164 445
164 561
164 581
164 582
165 363
166 344
166 494
167 375
167 503
167 625
168 494
168 505
168 544
169 516
170 516
170 564
170 573
170 574
171 421
174 421
174 454
174 524
174 548
174 563
179 327
179 339
179 485
179 497
181 358
181 363
181 485
181 500
181 524
182 339
182 344
184 375
186 328
186 352
187 454
188 318
188 328
188 333
188 339
188 375
188 445
188 455
188 494
188 503
188 505
188 509
188 537
188 542
188 543
188 556
188 564
188 612
188 625
189 339
189 494
189 550
189 610
189 612
189 614
193 343
193 364
193 476
193 481
193 485
193 487
193 494
193 503
193 513
193 524
193 542
193 563
193 598
193 618
193 620
194 328
194 393
194 455
194 476
194 482
194 524
194 618
198 516
199 344
204 357
204 358
204 364
205 577
207 368
207 593
210 559
210 582
210 612
210 625
211 342
211 368
211 375
211 445
211 459
211 462
211 476
211 494
211 500
211 501
211 514
211 517
211 518
211 519
211 521
211 524
211 525
211 531
211 542
211 543
211 544
211 545
211 552
211 553
211 556
211 558
211 559
211 561
211 574
211 582
211 593
211 596
211 598
211 603
211 612
211 615
211 618
211 619
211 620
212 516
212 532
213 316
215 368
215 474
215 494
215 516
217 342
217 500
217 502
218 606
218 618
220 382
220 494
220 558
220 559
220 577
220 610
220 619
221 365
221 550
221 589
224 333
224 365
224 375
224 376
224 445
224 502
224 574
224 580
224 603
227 329
229 342
229 354
229 485
229 497
229 537
229 542
229 543
229 549
229 552
231 344
231 352
231 357
231 358
231 367
231 369
231 382
231 401
231 461
231 462
231 474
231 516
231 552
231 559
231 574
231 593
231 612
232 364
232 376
232 455
232 459
232 461
232 462
232 474
232 485
232 487
232 497
232 499
232 500
232 502
232 542
232 549
232 558
237 521
242 352
242 455
247 326
249 573
249 580
249 614
250 545
250 589
251 343
251 352
251 365
251 375
251 445
251 461
251 462
251 482
251 494
251 502
251 505
251 524
251 525
251 531
251 542
251 545
251 549
251 552
251 556
251 558
251 559
251 561
251 562
251 563
251 574
251 577
251 580
251 582
251 583
251 589
251 593
251 595
251 596
251 603
251 606
251 612
251 614
251 615
251 618
251 619
251 620
251 621
251 625
252 316
253 354
253 361
253 375
253 382
253 393
253 441
253 445
253 474
253 494
253 516
253 531
253 532
253 535
253 548
253 556
253 574
253 580
253 583
253 585
253 603
253 606
253 612
253 618
253 621
255 344
255 365
255 368
255 375
255 382
255 401
255 445
255 494
255 516
255 521
255 525
255 545
255 550
255 557
255 559
255 562
255 564
255 574
255 580
255 583
255 585
255 593
255 596
255 598
255 603
255 606
255 612
255 614
255 619
255 620
255 625
256 344
256 368
256 375
256 382
256 393
256 401
256 516
256 525
256 531
256 535
256 548
256 557
256 574
256 580
256 581
256 583
256 585
256 595
256 603
256 614
257 343
257 344
257 365
257 368
257 375
257 382
257 401
257 441
257 445
257 470
257 474
257 494
257 514
257 516
257 518
257 519
257 524
257 531
257 532
257 535
257 542
257 543
257 544
257 549
257 552
257 553
257 554
257 556
257 557
257 558
257 559
257 561
257 562
257 563
257 564
257 568
257 573
257 574
257 577
257 580
257 581
257 582
257 583
257 585
257 589
257 593
257 595
257 596
257 598
257 603
257 606
257 612
257 614
257 615
257 618
257 620
257 621
258 532
258 574
258 580
260 344
260 401
260 525
260 531
260 545
260 548
260 556
260 559
260 603
260 614
260 620
261 454
262 365
262 368
262 375
262 382
262 401
262 441
262 474
262 516
262 525
262 531
262 532
262 535
262 548
262 559
262 564
262 573
262 574
262 580
262 583
262 603
262 614
264 318
264 340
264 342
264 344
264 365
264 375
264 482
264 485
264 487
264 494
264 513
264 517
264 521
264 525
264 535
264 542
264 545
264 556
264 558
264 580
264 582
264 598
264 603
264 606
264 612
264 618
264 620
266 375
266 401
266 573
266 580
266 621
269 580
269 612
269 614
269 618
270 364
270 455
270 485
270 500
270 612
271 344
271 401
271 445
273 516
274 606
278 441
278 531
278 574
278 580
279 484
279 610
280 375
280 393
280 485
280 494
280 524
283 316
283 318
283 331
283 339
283 375
283 445
283 455
283 494
283 502
283 503
283 505
283 508
283 514
283 517
283 518
283 519
283 531
283 532
283 535
283 545
283 553
283 556
283 558
283 582
283 593
283 598
283 603
283 606
283 618
283 621
284 333
284 375
284 376
284 459
284 517
284 518
284 542
284 548
285 333
285 367
287 542
289 462
289 476
289 494
290 340
290 545
291 344
292 375
292 564
292 574
292 580
293 505
294 573
295 375
295 606
296 625
298 474
304 544
304 554
305 316
305 328
306 316
306 318
306 328
306 542
310 368
310 375
310 382
310 462
310 485
310 494
310 517
310 531
310 544
310 545
310 549
310 559
310 564
310 580
310 591
310 603
310 606
310 610
310 612
310 618
310 625
311 328
313 316
313 356
314 316
315 316
315 331
315 524
315 531
315 574
315 582
319 513
321 455
321 618
324 494
330 331
332 333
334 339
335 339
336 339
336 455
336 474
336 589
337 339
337 564
338 339
340 339
340 361
340 612
341 339
341 340
342 339
342 525
342 544
342 559
342 574
343 339
343 376
343 434
343 455
343 524
343 552
343 553
343 554
343 558
343 559
343 561
343 563
343 625
344 339
344 352
344 365
344 474
344 556
344 573
344 574
344 595
345 339
346 339
347 339
347 344
347 367
347 369
348 339
349 340
349 455
349 561
349 589
350 339
351 352
351 542
352 342
352 445
353 455
354 358
354 367
354 369
354 371
359 363
360 363
360 364
361 363
362 363
362 367
362 369
362 376
362 414
362 421
362 427
362 434
362 455
362 461
362 462
362 481
362 484
362 487
366 367
368 340
368 344
368 365
368 369
368 454
368 510
368 525
368 549
368 550
368 558
368 568
368 574
368 577
368 589
368 593
368 595
368 596
368 615
368 620
370 371
375 532
375 606
376 434
376 455
380 427
382 354
385 414
385 421
388 441
388 454
388 470
388 482
388 501
388 521
388 548
388 573
388 574
388 583
388 595
388 610
388 613
395 501
398 399
400 441
400 445
401 445
402 418
402 427
405 612
410 455
410 516
411 549
411 580
411 620
412 354
415 418
417 524
417 612
420 421
422 427
423 427
424 344
424 427
425 427
426 427
431 445
431 606
438 445
441 532
441 535
441 585
442 352
442 354
448 455
448 494
448 516
449 455
450 455
451 342
451 344
451 368
451 375
451 455
451 494
451 503
451 509
451 514
451 516
451 517
451 518
451 519
451 531
451 537
451 542
451 543
451 544
451 545
451 550
451 552
451 553
451 558
451 564
451 574
451 585
451 595
451 603
451 606
452 455
453 455
454 455
455 376
455 454
455 619
455 621
459 497
459 542
459 556
459 603
459 612
459 625
462 479
463 462
464 462
465 462
465 476
466 462
467 462
468 462
469 462
469 482
469 556
474 516
477 484
478 518
478 521
478 610
479 485
479 497
481 340
481 375
481 552
481 556
481 606
482 484
482 580
483 482
483 484
485 365
485 474
486 487
486 556
487 503
487 514
487 518
487 543
494 344
494 375
494 401
494 445
494 474
494 495
494 516
494 525
494 535
494 559
494 580
494 582
494 595
494 596
494 603
494 606
494 612
494 614
494 618
494 620
494 621
495 494
496 497
497 494
497 524
497 598
497 618
499 500
499 503
501 502
504 505
506 445
506 494
506 508
506 545
506 589
507 368
507 508
507 509
507 513
507 514
507 517
507 518
507 524
507 537
507 542
507 543
507 549
507 553
507 558
507 559
507 563
507 577
507 593
507 612
507 621
510 344
510 494
510 556
512 513
512 518
512 531
512 556
514 517
514 518
515 514
516 368
516 375
516 474
516 494
516 517
516 556
516 583
516 606
521 344
521 375
521 494
521 516
521 524
521 532
521 542
521 580
521 582
521 618
521 620
522 441
522 474
522 501
522 516
522 532
522 535
522 564
522 574
522 610
523 368
523 482
523 494
523 531
523 542
523 545
523 580
523 585
523 595
523 603
524 548
524 589
524 612
524 621
525 614
527 375
527 553
527 557
527 573
527 593
527 620
528 532
529 564
530 542
530 543
531 494
531 556
531 589
531 593
531 598
531 606
531 618
531 620
531 621
531 625
532 352
532 361
532 375
532 445
532 524
532 559
533 344
533 545
533 582
535 441
535 482
535 494
535 516
535 612
536 344
536 494
536 537
536 589
536 593
536 596
537 365
537 401
537 525
537 543
537 552
537 559
537 562
537 577
537 606
537 619
538 542
539 445
539 542
540 542
541 542
544 549
544 552
545 354
545 375
545 441
546 544
547 544
548 375
548 494
548 524
548 525
548 531
548 549
548 552
548 558
548 559
548 563
548 573
548 574
548 577
548 580
548 583
548 585
548 589
548 593
548 598
548 603
548 610
548 612
548 615
548 618
548 621
549 620
550 552
551 550
551 552
552 550
555 556
556 344
556 445
557 558
557 606
557 620
560 344
562 524
562 563
563 625
564 532
564 548
564 585
565 615
566 375
566 532
566 620
568 365
568 573
570 571
572 375
572 445
572 494
572 568
572 603
572 606
572 610
572 625
574 494
574 531
574 548
574 568
574 573
574 580
574 603
574 614
574 619
575 550
576 344
576 535
578 368
579 588
580 474
580 535
580 548
580 556
580 596
581 557
581 585
582 344
582 445
582 474
582 494
582 516
582 548
582 585
582 619
583 368
583 474
583 516
583 548
583 573
583 574
583 585
583 614
584 344
584 382
584 441
584 573
584 583
585 354
585 532
585 548
585 564
585 574
585 580
585 583
587 368
589 532
589 535
589 593
590 589
591 589
592 589
593 589
593 596
594 589
595 344
595 365
595 375
595 382
595 525
595 531
595 593
595 596
595 606
595 610
595 618
595 619
596 593
597 598
598 620
599 612
599 625
600 610
600 612
601 494
601 582
601 612
602 612
603 375
603 494
603 573
603 580
603 606
603 612
603 615
603 620
603 621
604 612
605 445
605 612
606 375
606 445
606 612
607 612
608 612
609 375
609 445
611 375
611 619
614 382
614 531
614 545
614 548
614 574
614 580
614 583
614 595
616 618
617 618
617 621
620 344
620 454
620 494
620 574
620 603
620 621
622 625
623 625
624 625
627 365
627 368
627 494
627 516
627 531
627 545
627 580
627 603
628 494
630 494
630 516
630 532
630 545
630 548
630 568
630 574
630 580
631 474
631 525
631 606
632 445
632 494
634 340
634 445
634 474
634 494
634 501
634 521
634 532
634 545
634 556
634 582
634 595
634 610
634 620
635 494
636 494
637 368
637 382
637 454
637 474
637 494
637 516
637 583
637 585
637 595
637 614
637 620
638 494
639 494
639 516
640 494
641 445
642 445
643 445
644 445
647 344
648 344
648 556
649 344
649 545
649 556
649 559
649 620
650 344
651 344
651 354
651 361
651 535
651 548
651 550
651 574
651 580
651 581
651 583
651 585
652 344
655 352
655 354
655 375
655 382
655 441
655 531
655 532
655 573
655 574
655 583
655 606
655 614
656 344
656 382
656 525
656 548
656 556
656 574
656 580
656 581
656 585
656 595
656 603
656 620
657 535
658 606
660 344
660 596
661 382
661 474
661 531
661 580
661 596
662 532
662 614
663 532
667 620
668 368
669 545
670 340
670 620
671 474
671 532
671 580
671 585
671 620
675 535
675 580
678 344
678 368
678 375
678 454
678 474
678 501
678 568
678 580
678 595
678 606
681 401
681 532
681 614
685 454
688 375
688 516
688 559
688 564
688 574
689 559
690 393
690 610
691 340
691 344
691 352
691 361
691 470
691 521
691 550
696 344
697 365
697 550
699 354
699 414
699 531
699 603
705 368
705 441
705 474
705 525
705 548
705 603
708 531
712 354
712 441
712 474
713 401
713 548
713 557
713 574
719 531
719 603
720 474
720 583
721 525
722 525
724 344
724 516
724 603
728 557
729 454
729 474
729 557
729 603
729 606
730 574
730 585
730 591
731 393
731 564
732 531
732 603
736 368
736 501
736 610
740 603
742 531
751 375
751 573
754 340
755 344
756 344
756 454
756 470
758 580
758 606
759 375
760 375
761 375
762 375
762 382
762 516
762 574
762 580
763 375
764 375
765 344
765 375
767 454
769 550
771 344
771 441
772 441
773 352
773 474
773 482
773 535
773 568
773 585
775 474
778 550
779 550
780 580
786 562
787 354
787 474
787 535
787 562
787 568
787 574
792 340
792 474
792 548
792 574
792 580
792 583
792 595
793 574
793 610
794 521
795 361
797 516
799 354
799 548
799 564
799 573
799 574
799 595
799 614
802 441
803 516
803 548
803 573
803 574
809 574
809 614
812 516
813 548
813 585
816 354
820 352
820 441
820 532
822 516
822 573
822 574
822 580
823 548
823 581
825 532
825 580
826 580
827 516
827 580
827 595
829 393
829 521
829 595
829 610
834 340
834 352
834 474
834 482
834 516
834 548
834 574
834 595
835 548
835 573
835 574
835 583
835 585
835 614
837 340
837 361
837 482
837 501
837 521
837 532
837 535
837 595
838 474
838 548
838 564
838 573
838 574
839 368
840 340
843 548
846 368
846 474
846 564
846 573
849 583
851 382
853 516
853 532
855 460
858 441
858 548
859 595
859 614
860 361
860 516
860 574
863 574
864 516
864 574
865 474
868 535
868 548
870 354
870 474
871 614
872 352
872 354
872 564
872 595
873 441
873 583
873 585
874 344
881 368
881 535
885 470
885 574
886 532
889 354
889 368
889 474
889 568
889 574
889 610
894 340
894 368
894 532
894 535
894 548
894 581
894 583
894 585
894 595
903 564
904 344
904 368
904 474
904 564
905 516
911 516
912 516
913 474
913 516
913 550
914 516
915 516
923 354
923 610
924 595
925 454
932 368
932 595
934 548
934 581
934 585
938 573
939 501
939 548
939 573
939 610
940 573
941 393
941 454
941 474
941 550
943 352
943 441
943 568
946 361
946 550
947 441
947 501
947 521
947 548
947 610
949 344
949 441
949 474
949 532
949 535
949 585
949 595
950 368
950 474
950 532
954 441
955 354
955 361
955 474
956 474
959 548
960 548
961 344
963 340
963 352
963 393
963 482
963 501
963 595
963 610
971 368
972 344
974 340
974 501
974 521
974 610
975 585
977 344
987 361
988 340
994 354
1004 340
1004 521
1005 441
1005 532
1006 454
1006 482
1006 595
1008 368
1008 585
1014 340
1014 521
1014 532
1014 595
1014 610
1015 474
1015 585
1024 441
1024 482
1024 521
1033 585
1037 441
1038 591
1039 344
1039 361
1047 441
1047 532
1048 441
1048 532
1049 361
1049 521
1050 441
1061 344
1064 474
1064 550
1064 595
1072 532
1072 585
1072 591
1073 470
1073 474
1073 532
1073 585
1073 591
1078 474
1079 610
1080 441
1082 368
1084 441
1085 441
1086 441
1087 354
1087 393
1087 441
1087 535
1087 585
1094 340
1094 361
1094 521
1094 535
1094 568
1097 532
1098 532
1099 532
1100 532
1101 532
1107 344
1107 352
1107 354
1107 474
1107 568
1107 591
1108 354
1108 535
1110 585
1115 550
1122 474
1123 550
1127 550
1135 344
1135 352
1135 454
1135 474
1137 454
1137 591
1142 340
1142 354
1142 361
1142 474
1143 344
1147 368
1149 368
1150 344
1153 361
1153 454
1153 474
1153 501
1153 521
1153 610
1156 344
1159 591
1164 474
1165 454
1165 474
1169 354
1174 340
1174 344
1174 474
1174 482
1174 595
1204 352
1204 454
1204 474
1204 550
1216 344
1238 340
1241 344
1245 610
1246 361
1246 474
1248 340
1248 361
1248 474
1254 352
1255 474
1259 344
1259 454
1259 470
1259 474
1260 474
1262 470
1262 474
1262 568
1266 354
1266 474
1266 521
1266 595
1270 521
1270 610
1276 454
1288 340
1288 474
1289 352
1289 393
1289 501
1292 474
1292 550
1302 610
1303 352
1303 454
1303 568
1307 595
1307 610
1308 595
1310 344
1310 354
1310 393
1310 474
1310 521
1310 595
1310 610
1311 501
1313 344
1316 344
1316 352
1316 474
1339 393
1341 352
1341 361
1347 361
1349 454
1349 470
1349 474
1351 521
1359 454
1359 568
1362 340
1362 344
1362 352
1362 454
1362 470
1362 482
1362 521
1362 550
1362 610
1368 474
1368 550
1369 352
1369 454
1369 470
1369 474
1376 352
1377 344
1377 610
1395 610
1398 354
1412 352
1414 474
1417 610
1423 521
1433 340
1440 361
1446 521
1449 352
1450 501
1450 610
1453 340
1465 352
1465 550
1465 595
1470 610
1476 361
1476 454
1477 454
1479 393
1494 550
1499 482
1499 595
1499 616
1503 454
1504 454
1505 454
1509 595
1510 344
1512 340
1512 352
1544 393
1544 595
1547 595
1549 393
1550 610
1553 361
1556 610
1568 344
1568 595
1580 344
1604 344
1610 352
1611 344
1615 340
1635 340
1635 344
1635 352
1635 482
1635 550
1638 393
1638 482
1638 521
1643 550
1654 344
1655 344
1656 344
1674 550
1678 354
1678 393
1678 501
1696 340
1696 361
1696 521
1702 352
1702 482
1702 550
1704 352
1707 352
1709 550
1711 550
1712 550
1713 550
1714 550
1715 550
1716 550
1717 354
1717 550
1718 550
1719 550
1720 550
1721 550
1722 550
1723 550
1724 550
1725 550
1726 550
1727 550
1729 550
1730 550
1731 550
1732 550
1733 550
1734 550
1735 550
1736 550
1737 550
1738 550
1756 482
1756 595
1759 393
1759 521
1766 595
1803 482
1805 354
1805 610
1807 610
1817 340
1817 595
1819 610
1826 610
1899 521
1900 354
1906 521
1907 393
1907 501
1907 610
1910 610
1919 482
1923 595
1924 340
1924 361
1925 610
1935 361
1935 595
1955 354
1955 361
1955 393
1955 501
1955 610
1972 354
1972 610
1975 354
1975 501
1976 340
1976 393
1976 595
1976 616
1980 521
2002 393
2014 610
2016 595
2030 610
2037 393
2046 595
2047 610
2048 354
2048 393
2065 393
2065 610
2092 521
2093 340
2093 521
2094 340
2094 354
2094 361
2094 521
2104 393
2104 610
2118 610
2121 521
2124 340
2145 340
2145 354
2158 340
2160 340
2160 521
2165 501
2165 610
2166 340
2166 354
2166 361
2166 393
2166 521
2166 610
2192 354
2192 393
2192 610
2197 354
2200 340
2207 610
2208 610
2217 340
2217 610
2233 361
2238 340
2238 354
2238 393
2238 501
2238 610
2239 354
2239 501
2239 610
2243 354
2244 354
2245 354
2245 521
2245 610
2251 521
2251 610
2258 521
2267 354
2267 393
2267 521
2269 354
2269 393
2269 501
2269 521
2269 610
2270 610
2271 521
2274 610
2275 354
2277 521
2277 610
2280 501
2280 521
2281 393
2281 501
2284 521
2285 521
2290 354
2290 393
2302 610
2311 340
2330 361
2349 340
2351 354
2351 393
2351 521
2352 361
2353 340
2374 340
2374 610
2380 361
2397 610
2403 501
2412 393
2412 501
2412 521
2412 610
2413 393
2413 501
2426 610
2440 449
2443 610
2445 354
2455 361
2463 361
2488 521
2491 354
2492 393
2495 501
2495 610
2504 501
2504 610
2510 610
2524 354
2526 393
2527 354
2528 393
2528 501
2538 521
2541 521
2543 501
2543 610
2544 610
2545 354
2545 393
2545 501
2545 610
2549 610
2569 393
2569 501
2575 521
2591 393
2595 610
2599 521
2599 610
2602 521
2604 521
2612 610
2627 393
2664 393
2678 354
2680 610
2681 501
2698 610
2715 521
2716 521
2717 521
2718 521
2721 501
2726 501
2749 610
2750 393
2780 354
2784 354
2793 610
2797 610
2799 354
2799 393
2799 501
2812 610
2815 610
2816 354
2824 610
2827 354
2830 393
2830 610
2838 501
2839 393
2839 610
2854 354
2857 610
2859 501
2859 610
2862 610
2863 501
2864 501
2864 610
2866 501
2866 610
2867 501
2868 610
2879 610
2894 393
2894 501
2900 501
2900 610
2912 610
2920 393
2920 501
2927 354
2939 354
2940 354
2941 354
2942 354
2944 393
2950 393
2956 501
2956 610
2973 449
2974 449
2980 610
2991 393
2991 501
2991 610
2992 393
2998 393
3002 393
3003 610
3005 501
3006 610
3007 501
3013 393
3013 610
3014 393
3015 501
3015 610
3016 610
3018 393
3028 610
3029 393
3036 610
3066 393
3077 393
3077 501
3081 610
3087 610
3093 610
3125 501
3125 610
3126 610
3129 610
3130 610
3132 393
3133 393
3136 393
3140 393
3145 610
3147 393
3156 610
3164 501
3173 610
3186 610
3204 610
3210 393
3211 393
3212 393
3213 393
3233 501
3234 501
3244 610
3251 610
3255 610
3259 610
3265 610
3277 610
3304 610
3305 610
3323 610
3337 501
3337 610
3352 610
3367 610
3381 501
3381 610
3395 610
3421 610
3423 610
3438 610
3481 610
3489 610
3492 610
3493 610
3500 610
3509 610
3523 610
3536 610
3641 610
3666 610
3676 501
3676 610
3685 610
3754 610
3792 610
3794 610
3797 610
3840 610
3849 610
3852 610
3853 610
3867 501
3867 610
3872 610
3878 501
3878 610
3882 501
3882 610
3883 610
3899 610
3933 501
3967 610
3970 610
3974 501
3974 610
3983 610
3986 501
3986 610
3992 610
4005 501
4005 610
4013 610
4016 501
4016 610
4032 501
4032 610
4063 610
4070 610
4088 610
4090 610
4103 610
4136 610
4140 610
4141 501
4141 610
4144 610
4149 501
4149 610
4153 610
4154 501
4154 610
4155 501
4155 610
4168 610
4187 610
4199 610
4222 501
4222 610
4240 610
4250 501
4267 610
4291 610
4308 501
4347 610
4355 501
4356 501
4358 610
4361 610
4363 610
4387 610
4393 610
4398 610
4402 610
4403 610
4404 610
4411 610
4438 610
4452 610
4458 610
4463 610
5217 610
5766 610
5767 610
5768 610
5769 610
