3 1583
3 1585
3 1687
4 1635
6 1578
6 1673
8 1571
8 1575
8 1576
8 1577
8 1578
8 1580
8 1581
8 1582
8 1583
8 1585
8 1599
8 1607
8 1612
8 1619
8 1621
8 1625
8 1635
8 1636
8 1643
8 1663
8 1670
8 1671
8 1672
8 1673
8 1676
8 1679
8 1682
8 1684
8 1688
8 1690
8 1692
8 1695
8 1696
8 1697
8 1702
8 1706
8 1708
8 1715
8 1749
8 1754
8 1756
8 1760
8 1765
8 1767
8 1768
8 1770
8 1775
8 1781
8 1785
8 1787
8 1796
8 1801
8 1804
8 1806
8 1812
8 1818
8 1821
8 1826
8 1827
8 1833
8 1837
8 1844
8 1852
8 1855
8 1867
8 1875
8 1881
11 1571
11 1578
11 1585
11 1643
11 1673
11 1717
11 1760
11 1804
11 1818
11 1867
12 1760
12 1826
17 1578
17 1672
17 1673
17 1818
17 1842
18 1775
18 1804
18 1855
18 1875
21 1571
21 1578
21 1581
21 1599
21 1612
21 1619
21 1621
21 1643
21 1663
21 1664
21 1670
21 1673
21 1676
21 1682
21 1692
21 1760
21 1804
21 1806
21 1821
21 1826
21 1867
21 1880
25 1671
30 1806
30 1842
33 1571
33 1576
33 1578
33 1664
33 1671
33 1676
33 1702
33 1760
33 1765
33 1796
33 1804
33 1807
33 1819
33 1827
39 1621
39 1682
39 1702
39 1706
39 1812
39 1837
39 1855
41 1578
41 1580
41 1635
41 1636
41 1663
41 1664
41 1760
41 1837
44 1578
44 1672
44 1673
44 1688
44 1708
44 1760
44 1770
44 1781
44 1867
50 1801
53 1833
53 1882
55 1673
56 1571
56 1612
56 1634
56 1756
56 1760
56 1850
57 1664
59 1781
59 1867
63 1715
63 1756
63 1804
63 1867
65 1578
65 1635
65 1704
65 1790
65 1818
65 1839
65 1850
65 1880
66 1664
66 1673
66 1785
66 1794
66 1801
67 1571
67 1576
69 1643
69 1706
69 1806
69 1855
70 1583
70 1585
78 1578
78 1692
78 1717
78 1812
78 1837
79 1575
79 1578
79 1672
80 1826
80 1827
81 1664
81 1867
92 1687
92 1715
98 1676
98 1687
99 1671
99 1867
101 1578
101 1837
104 1672
104 1697
104 1715
104 1760
104 1790
104 1807
104 1819
104 1827
104 1880
106 1673
107 1578
108 1760
108 1827
109 1607
109 1612
109 1679
109 1821
115 1612
115 1634
115 1760
115 1833
116 1571
120 1612
120 1819
122 1717
132 1833
134 1672
137 1664
137 1695
137 1760
142 1635
142 1678
142 1717
142 1756
142 1819
142 1882
143 1571
143 1576
143 1577
143 1578
143 1599
143 1619
143 1621
143 1625
143 1664
143 1682
143 1688
143 1690
143 1696
143 1702
143 1756
143 1760
143 1765
143 1767
143 1770
143 1775
143 1781
143 1785
143 1787
143 1794
143 1796
143 1806
143 1812
143 1821
143 1827
143 1833
143 1837
143 1842
143 1844
143 1855
143 1867
143 1875
143 1881
143 1882
147 1612
147 1673
147 1767
147 1827
149 1581
149 1664
149 1801
151 1635
160 1760
160 1837
166 1578
166 1664
167 1833
167 1882
174 1571
174 1576
174 1577
174 1621
174 1671
174 1673
182 1760
184 1702
188 1578
188 1583
188 1585
188 1787
189 1571
189 1578
194 1578
194 1790
201 1636
201 1679
205 1749
211 1612
211 1664
211 1673
211 1697
211 1760
215 1571
215 1578
215 1664
215 1855
218 1881
220 1581
220 1833
225 1672
225 1770
229 1607
229 1664
229 1697
229 1702
231 1578
231 1664
231 1706
231 1765
237 1612
237 1625
237 1643
237 1664
237 1673
237 1679
237 1682
237 1706
237 1819
238 1760
249 1581
249 1582
249 1621
249 1643
249 1663
249 1670
249 1673
249 1676
249 1833
249 1881
251 1671
251 1672
251 1697
251 1760
251 1770
251 1787
251 1801
251 1826
251 1827
251 1880
253 1575
253 1578
253 1664
253 1673
253 1706
253 1760
253 1837
253 1842
253 1867
255 1571
255 1607
255 1619
255 1621
255 1673
255 1682
255 1684
255 1697
255 1760
255 1770
255 1787
255 1794
255 1804
255 1807
255 1812
255 1826
255 1833
255 1850
256 1575
256 1576
256 1583
256 1585
256 1607
256 1612
256 1635
256 1664
256 1671
256 1672
256 1673
256 1679
256 1682
256 1697
256 1702
256 1756
256 1765
256 1770
256 1790
256 1794
256 1796
256 1807
256 1812
256 1827
256 1833
256 1881
257 1571
257 1578
257 1612
257 1663
257 1670
257 1673
257 1676
258 1794
258 1837
258 1867
260 1607
260 1715
260 1790
260 1807
260 1819
262 1612
264 1571
264 1625
264 1635
264 1692
264 1696
264 1706
264 1804
264 1827
264 1855
269 1571
270 1760
270 1818
271 1839
278 1875
283 1578
285 1878
291 1636
291 1660
291 1663
291 1664
310 1673
310 1827
310 1842
315 1697
332 1635
332 1664
340 1826
342 1818
344 1581
344 1612
344 1621
344 1625
344 1643
344 1663
344 1670
344 1673
344 1676
344 1692
344 1696
344 1702
344 1767
344 1787
344 1807
344 1812
344 1821
344 1833
344 1844
349 1635
349 1760
349 1807
354 1760
359 1664
361 1612
361 1839
368 1571
368 1581
368 1607
368 1612
368 1643
368 1670
368 1671
368 1760
368 1770
368 1781
368 1804
368 1867
375 1837
383 1880
388 1571
388 1576
388 1578
388 1582
388 1599
388 1607
388 1612
388 1625
388 1634
388 1663
388 1673
388 1676
388 1678
388 1679
388 1684
388 1687
388 1692
388 1695
388 1696
388 1704
388 1706
388 1765
388 1781
388 1804
388 1807
388 1812
388 1821
388 1826
388 1827
388 1833
388 1837
388 1839
388 1842
388 1880
395 1578
395 1664
411 1880
432 1881
441 1819
442 1571
442 1575
442 1577
442 1581
442 1612
442 1619
442 1625
442 1643
442 1663
442 1664
442 1670
442 1673
442 1676
442 1679
442 1684
442 1692
442 1695
442 1765
442 1767
442 1812
442 1826
442 1827
442 1839
442 1880
448 1578
448 1804
450 1578
451 1571
451 1578
451 1581
451 1612
451 1625
451 1635
451 1643
451 1663
451 1664
451 1670
451 1673
451 1676
451 1679
451 1695
451 1706
454 1768
477 1826
483 1571
483 1671
483 1756
490 1867
494 1571
494 1575
494 1578
494 1635
494 1643
494 1664
494 1670
494 1682
494 1760
494 1794
494 1804
516 1578
516 1760
521 1673
522 1672
522 1673
522 1678
522 1765
522 1767
522 1770
523 1760
523 1767
531 1635
531 1671
533 1635
535 1756
537 1702
537 1747
537 1804
537 1812
548 1664
548 1673
548 1760
548 1790
548 1819
548 1850
552 1643
552 1819
564 1583
564 1585
564 1612
564 1621
564 1673
566 1697
566 1812
568 1575
568 1607
568 1663
568 1676
568 1804
572 1578
572 1619
572 1684
572 1688
572 1760
572 1827
574 1673
574 1803
576 1673
580 1621
580 1673
580 1692
580 1760
580 1790
580 1794
580 1804
580 1806
580 1855
582 1635
582 1837
582 1842
583 1571
583 1578
584 1607
584 1760
584 1807
584 1867
585 1676
585 1804
585 1807
585 1850
586 1578
586 1643
595 1575
595 1664
595 1697
595 1787
595 1804
595 1807
595 1827
597 1651
600 1571
600 1760
610 1687
614 1688
614 1785
614 1787
627 1571
627 1578
627 1664
629 1833
630 1760
631 1643
631 1787
632 1664
632 1697
632 1765
632 1804
632 1807
632 1850
634 1571
634 1575
634 1581
634 1607
634 1612
634 1634
634 1635
634 1664
634 1671
634 1673
634 1676
634 1678
634 1695
634 1697
634 1704
634 1706
634 1715
634 1717
634 1760
634 1765
634 1768
634 1790
634 1801
634 1803
634 1804
634 1807
634 1818
634 1819
634 1826
634 1827
634 1850
634 1867
634 1880
637 1571
637 1635
637 1756
637 1812
637 1867
648 1833
651 1577
651 1581
651 1634
651 1671
651 1673
651 1679
651 1692
651 1747
651 1754
651 1756
651 1768
651 1781
651 1785
651 1787
651 1794
651 1819
651 1826
651 1827
651 1850
651 1882
655 1760
656 1607
656 1664
656 1673
656 1676
656 1867
661 1747
661 1804
661 1837
661 1881
667 1749
669 1577
671 1571
671 1575
671 1578
671 1664
671 1676
671 1760
671 1794
676 1585
678 1571
678 1575
678 1607
678 1612
678 1625
678 1635
678 1643
678 1671
678 1692
678 1696
678 1697
678 1717
678 1760
678 1765
678 1767
678 1768
678 1770
678 1812
678 1818
678 1826
678 1850
678 1867
678 1880
678 1881
685 1571
687 1625
687 1717
690 1790
690 1827
690 1880
691 1571
691 1577
691 1599
691 1612
691 1625
691 1634
691 1635
691 1663
691 1670
691 1673
691 1677
691 1679
691 1684
691 1692
691 1696
691 1697
691 1717
691 1747
691 1760
691 1768
691 1794
691 1803
691 1807
691 1812
691 1837
691 1850
692 1663
695 1578
695 1581
695 1643
695 1775
695 1781
695 1785
697 1576
697 1619
697 1702
698 1765
699 1747
702 1715
703 1582
703 1673
705 1582
712 1760
714 1576
714 1781
714 1785
714 1804
714 1819
714 1827
718 1571
720 1582
720 1697
724 1578
724 1717
724 1754
729 1612
729 1663
729 1673
730 1582
730 1635
730 1663
730 1673
731 1580
731 1767
732 1756
736 1695
736 1826
736 1880
751 1619
754 1664
754 1807
755 1708
756 1571
756 1575
756 1670
756 1684
756 1702
758 1882
766 1673
769 1643
771 1833
773 1571
773 1577
773 1578
773 1580
773 1582
773 1599
773 1612
773 1643
773 1670
773 1672
773 1676
773 1679
773 1684
773 1702
773 1706
773 1760
773 1794
773 1837
775 1583
775 1585
775 1760
775 1833
780 1585
780 1673
782 1582
782 1621
782 1672
782 1770
784 1607
784 1635
784 1765
784 1801
787 1582
787 1612
787 1676
787 1790
787 1794
787 1807
789 1765
789 1818
792 1575
792 1607
792 1760
792 1768
792 1801
792 1812
792 1821
793 1760
794 1821
794 1855
795 1842
796 1704
799 1673
799 1794
802 1571
803 1664
804 1575
804 1664
804 1671
804 1767
804 1812
804 1855
812 1612
813 1636
813 1673
816 1826
816 1880
817 1702
817 1765
817 1882
820 1575
820 1664
820 1804
820 1807
820 1833
820 1850
827 1673
827 1804
829 1571
829 1635
829 1671
829 1687
829 1717
829 1760
829 1787
829 1801
829 1803
829 1804
829 1807
829 1818
829 1819
829 1827
829 1880
829 1881
834 1571
834 1575
834 1576
834 1599
834 1607
834 1619
834 1621
834 1625
834 1635
834 1670
834 1672
834 1673
834 1676
834 1692
834 1696
834 1702
834 1756
834 1760
834 1765
834 1767
834 1787
834 1790
834 1794
834 1804
834 1806
834 1807
834 1812
834 1818
834 1821
834 1837
834 1844
834 1882
835 1582
835 1801
835 1880
837 1575
837 1576
837 1607
837 1635
837 1664
837 1671
837 1682
837 1697
837 1702
837 1715
837 1756
837 1760
837 1765
837 1781
837 1785
837 1790
837 1803
837 1807
837 1812
837 1819
837 1827
837 1850
837 1880
837 1881
840 1807
843 1599
843 1664
843 1673
846 1576
846 1580
846 1612
846 1636
846 1663
846 1688
846 1690
846 1760
846 1767
846 1775
846 1787
846 1812
846 1852
846 1855
846 1875
849 1581
849 1612
849 1643
849 1670
849 1673
849 1875
851 1867
867 1571
867 1607
868 1702
868 1812
872 1673
872 1760
872 1821
872 1842
872 1881
874 1837
877 1571
877 1697
877 1767
877 1796
879 1801
885 1636
885 1643
885 1670
885 1673
885 1747
885 1881
885 1882
886 1796
886 1819
889 1577
889 1634
889 1664
889 1794
889 1826
889 1833
889 1837
894 1576
894 1581
894 1607
894 1612
894 1619
894 1671
894 1690
894 1697
894 1765
894 1775
894 1804
894 1807
894 1812
894 1818
894 1826
894 1850
894 1852
895 1619
895 1827
897 1577
897 1580
903 1678
903 1839
904 1581
904 1612
904 1643
904 1663
904 1821
907 1571
907 1578
909 1621
911 1881
912 1571
913 1696
913 1787
919 1571
920 1571
921 1571
921 1578
923 1635
923 1760
923 1790
923 1850
924 1575
924 1576
924 1578
924 1582
924 1607
924 1612
924 1635
924 1664
924 1670
924 1671
924 1676
924 1679
924 1687
924 1696
924 1697
924 1702
924 1717
924 1756
924 1760
924 1765
924 1766
924 1770
924 1785
924 1790
924 1794
924 1796
924 1804
924 1807
924 1812
924 1850
924 1852
924 1855
924 1867
925 1571
925 1578
928 1571
928 1578
928 1621
928 1826
929 1571
932 1571
932 1578
932 1643
932 1682
932 1702
932 1756
932 1760
932 1767
932 1775
932 1794
933 1578
938 1607
938 1697
938 1756
938 1804
938 1812
938 1833
938 1844
939 1697
939 1760
939 1833
941 1571
941 1756
941 1768
941 1819
941 1827
942 1582
943 1837
943 1839
946 1585
946 1621
946 1715
946 1717
946 1789
947 1689
947 1695
947 1715
947 1760
947 1818
947 1826
947 1827
947 1833
947 1881
949 1575
949 1581
949 1634
949 1670
949 1672
949 1673
949 1682
949 1702
949 1767
949 1768
949 1790
949 1812
949 1819
950 1571
950 1581
950 1621
950 1625
950 1635
950 1664
950 1696
950 1765
950 1767
950 1812
955 1804
956 1607
956 1756
963 1571
963 1575
963 1576
963 1607
963 1612
963 1634
963 1635
963 1664
963 1671
963 1672
963 1676
963 1682
963 1684
963 1688
963 1690
963 1696
963 1697
963 1702
963 1704
963 1706
963 1717
963 1756
963 1760
963 1765
963 1767
963 1775
963 1781
963 1785
963 1787
963 1794
963 1801
963 1803
963 1804
963 1806
963 1807
963 1812
963 1819
963 1821
963 1827
963 1833
963 1837
963 1839
963 1842
963 1850
963 1855
963 1867
963 1875
963 1879
963 1880
963 1881
963 1882
972 1664
972 1673
972 1768
973 1760
974 1571
974 1575
974 1599
974 1607
974 1619
974 1635
974 1664
974 1670
974 1671
974 1673
974 1678
974 1682
974 1688
974 1690
974 1692
974 1697
974 1702
974 1708
974 1747
974 1760
974 1768
974 1790
974 1796
974 1804
974 1806
974 1807
974 1812
974 1818
974 1819
974 1827
974 1842
974 1850
974 1852
974 1867
974 1880
974 1882
975 1607
975 1612
975 1664
975 1670
975 1794
975 1801
975 1812
976 1852
977 1575
977 1781
977 1804
988 1571
988 1578
988 1664
988 1747
988 1760
988 1807
988 1827
988 1837
989 1706
997 1839
1000 1585
1004 1635
1004 1664
1004 1747
1004 1760
1004 1790
1004 1803
1004 1807
1004 1819
1004 1850
1005 1760
1006 1575
1006 1583
1006 1585
1006 1612
1006 1635
1006 1643
1006 1702
1006 1747
1006 1760
1006 1855
1007 1578
1007 1684
1007 1844
1014 1576
1014 1578
1014 1599
1014 1612
1014 1621
1014 1625
1014 1635
1014 1671
1014 1672
1014 1673
1014 1696
1014 1697
1014 1756
1014 1760
1014 1767
1014 1768
1014 1770
1014 1775
1014 1781
1014 1785
1014 1787
1014 1796
1014 1804
1014 1807
1014 1812
1014 1819
1014 1837
1014 1842
1014 1844
1014 1855
1014 1867
1014 1881
1014 1882
1015 1571
1015 1577
1015 1664
1015 1673
1015 1756
1015 1794
1015 1812
1015 1833
1015 1837
1015 1850
1015 1867
1019 1575
1019 1599
1019 1635
1019 1663
1019 1760
1019 1804
1024 1575
1024 1581
1024 1607
1024 1643
1024 1670
1024 1673
1024 1787
1024 1844
1024 1850
1024 1881
1031 1664
1033 1599
1033 1612
1033 1625
1033 1663
1033 1676
1033 1692
1033 1760
1033 1804
1036 1760
1039 1575
1039 1612
1039 1634
1039 1672
1039 1673
1039 1679
1039 1760
1039 1787
1039 1807
1039 1833
1043 1664
1043 1679
1043 1760
1045 1812
1048 1684
1049 1575
1049 1827
1050 1760
1050 1833
1053 1575
1053 1603
1053 1765
1059 1880
1064 1625
1064 1671
1064 1672
1064 1715
1064 1717
1064 1775
1064 1787
1064 1819
1072 1612
1072 1634
1073 1575
1073 1756
1075 1607
1075 1612
1077 1672
1077 1673
1077 1688
1077 1692
1077 1770
1078 1672
1078 1760
1078 1770
1079 1619
1079 1621
1079 1672
1079 1770
1079 1827
1079 1867
1079 1879
1081 1682
1081 1790
1081 1794
1083 1571
1083 1578
1083 1867
1087 1575
1087 1827
1087 1881
1088 1578
1094 1634
1094 1635
1094 1651
1094 1664
1094 1717
1094 1790
1094 1801
1094 1803
1094 1807
1094 1819
1094 1850
1094 1880
1103 1625
1104 1571
1104 1625
1107 1577
1107 1578
1107 1599
1107 1607
1107 1612
1107 1634
1107 1635
1107 1643
1107 1663
1107 1664
1107 1673
1107 1676
1107 1679
1107 1692
1107 1697
1107 1760
1107 1767
1107 1785
1107 1787
1107 1794
1107 1804
1107 1806
1107 1812
1107 1827
1107 1833
1107 1839
1114 1612
1114 1706
1118 1839
1122 1576
1122 1583
1122 1585
1122 1697
1122 1768
1122 1844
1122 1852
1123 1715
1123 1781
1135 1571
1135 1577
1135 1578
1135 1581
1135 1582
1135 1619
1135 1621
1135 1625
1135 1663
1135 1670
1135 1673
1135 1676
1135 1679
1135 1756
1135 1804
1135 1833
1135 1837
1135 1852
1137 1571
1137 1577
1137 1581
1137 1582
1137 1612
1137 1625
1137 1636
1137 1643
1137 1664
1137 1670
1137 1673
1137 1676
1137 1679
1137 1684
1137 1690
1137 1692
1137 1706
1137 1749
1137 1754
1137 1760
1137 1767
1137 1794
1137 1806
1137 1821
1137 1833
1137 1837
1137 1842
1137 1855
1137 1882
1138 1576
1138 1682
1138 1702
1138 1765
1138 1855
1140 1760
1141 1571
1141 1578
1142 1582
1142 1664
1142 1670
1142 1673
1142 1790
1145 1585
1150 1571
1150 1578
1150 1643
1150 1692
1153 1575
1153 1581
1153 1586
1153 1607
1153 1621
1153 1634
1153 1635
1153 1664
1153 1696
1153 1704
1153 1760
1153 1765
1153 1785
1153 1790
1153 1796
1153 1803
1153 1804
1153 1807
1153 1808
1153 1819
1153 1821
1153 1827
1153 1844
1153 1850
1153 1855
1153 1867
1153 1875
1156 1571
1156 1673
1157 1672
1157 1673
1157 1682
1157 1765
1157 1770
1159 1664
1159 1756
1159 1760
1159 1767
1159 1804
1159 1806
1159 1833
1159 1867
1160 1625
1160 1697
1160 1717
1160 1821
1160 1842
1163 1575
1165 1571
1165 1576
1165 1581
1165 1612
1165 1619
1165 1621
1165 1643
1165 1663
1165 1673
1165 1765
1165 1775
1169 1697
1169 1833
1169 1850
1174 1571
1174 1575
1174 1576
1174 1581
1174 1582
1174 1599
1174 1619
1174 1621
1174 1643
1174 1671
1174 1672
1174 1673
1174 1676
1174 1679
1174 1684
1174 1688
1174 1690
1174 1692
1174 1697
1174 1702
1174 1756
1174 1760
1174 1765
1174 1768
1174 1775
1174 1787
1174 1794
1174 1796
1174 1801
1174 1804
1174 1807
1174 1821
1174 1827
1174 1833
1174 1844
1174 1850
1174 1852
1174 1855
1174 1867
1174 1875
1182 1770
1193 1796
1195 1697
1195 1837
1196 1833
1196 1842
1196 1882
1200 1635
1200 1643
1200 1673
1200 1767
1204 1576
1204 1577
1204 1581
1204 1582
1204 1599
1204 1612
1204 1619
1204 1621
1204 1635
1204 1643
1204 1670
1204 1672
1204 1673
1204 1676
1204 1679
1204 1684
1204 1688
1204 1690
1204 1692
1204 1706
1204 1754
1204 1760
1204 1767
1204 1775
1204 1781
1204 1785
1204 1794
1204 1801
1204 1806
1204 1821
1204 1833
1204 1842
1204 1844
1204 1875
1204 1881
1204 1882
1216 1696
1216 1767
1216 1787
1216 1789
1237 1571
1237 1577
1237 1585
1237 1636
1237 1760
1237 1842
1238 1612
1238 1697
1241 1767
1245 1580
1245 1612
1245 1634
1245 1664
1245 1673
1245 1676
1245 1682
1245 1819
1245 1880
1246 1599
1246 1664
1248 1582
1248 1599
1248 1612
1248 1635
1248 1663
1248 1670
1248 1684
1248 1706
1248 1787
1248 1790
1248 1850
1252 1571
1252 1577
1252 1582
1252 1612
1252 1619
1252 1625
1252 1684
1252 1692
1252 1697
1252 1812
1254 1612
1254 1621
1254 1663
1254 1673
1254 1676
1254 1760
1255 1571
1255 1577
1255 1582
1255 1612
1259 1575
1259 1578
1259 1580
1259 1581
1259 1612
1259 1619
1259 1621
1259 1625
1259 1663
1259 1676
1259 1679
1259 1684
1259 1692
1259 1696
1259 1767
1260 1575
1260 1578
1260 1612
1260 1663
1260 1676
1260 1702
1260 1754
1260 1756
1260 1760
1262 1575
1262 1581
1262 1599
1262 1607
1262 1612
1262 1619
1262 1621
1262 1625
1262 1634
1262 1635
1262 1643
1262 1673
1262 1676
1262 1692
1262 1697
1262 1702
1262 1760
1262 1767
1262 1794
1262 1812
1262 1852
1265 1612
1265 1679
1266 1571
1266 1575
1266 1577
1266 1582
1266 1599
1266 1612
1266 1621
1266 1625
1266 1635
1266 1663
1266 1664
1266 1673
1266 1676
1266 1679
1266 1697
1266 1704
1266 1760
1266 1765
1266 1767
1266 1801
1266 1803
1266 1804
1266 1807
1266 1827
1266 1882
1267 1664
1267 1827
1267 1837
1269 1664
1270 1664
1270 1818
1270 1850
1275 1612
1276 1577
1276 1599
1276 1756
1276 1819
1276 1839
1277 1756
1288 1571
1288 1607
1288 1612
1288 1635
1288 1671
1288 1697
1288 1702
1288 1756
1288 1760
1288 1804
1288 1807
1288 1812
1288 1850
1288 1852
1289 1571
1289 1580
1289 1599
1289 1612
1289 1621
1289 1664
1289 1695
1289 1760
1289 1827
1289 1881
1295 1582
1302 1635
1302 1673
1302 1676
1302 1760
1302 1827
1302 1850
1303 1578
1303 1581
1303 1612
1303 1634
1303 1663
1303 1676
1303 1679
1303 1760
1303 1807
1307 1571
1307 1578
1307 1582
1307 1612
1307 1635
1307 1678
1307 1702
1307 1765
1307 1813
1307 1867
1308 1664
1308 1673
1308 1760
1308 1804
1310 1571
1310 1575
1310 1577
1310 1580
1310 1581
1310 1582
1310 1599
1310 1607
1310 1612
1310 1621
1310 1625
1310 1634
1310 1635
1310 1643
1310 1663
1310 1664
1310 1670
1310 1671
1310 1672
1310 1673
1310 1676
1310 1679
1310 1682
1310 1684
1310 1690
1310 1692
1310 1695
1310 1697
1310 1702
1310 1704
1310 1717
1310 1756
1310 1760
1310 1765
1310 1766
1310 1767
1310 1768
1310 1775
1310 1781
1310 1787
1310 1790
1310 1801
1310 1803
1310 1804
1310 1807
1310 1812
1310 1818
1310 1819
1310 1826
1310 1827
1310 1833
1310 1837
1310 1842
1310 1844
1310 1850
1310 1852
1310 1855
1310 1867
1310 1880
1313 1581
1313 1599
1313 1612
1313 1625
1313 1696
1313 1767
1313 1801
1313 1803
1313 1818
1316 1575
1316 1612
1316 1619
1316 1621
1316 1625
1316 1673
1316 1676
1316 1679
1316 1760
1316 1804
1324 1612
1324 1663
1324 1676
1324 1697
1324 1833
1326 1575
1326 1621
1326 1625
1326 1765
1326 1767
1326 1770
1326 1804
1330 1664
1330 1697
1330 1760
1330 1765
1339 1571
1339 1635
1339 1664
1339 1672
1339 1692
1339 1767
1339 1804
1339 1850
1339 1875
1341 1575
1341 1578
1341 1581
1341 1607
1341 1621
1341 1673
1341 1676
1341 1679
1341 1684
1341 1760
1341 1768
1341 1770
1341 1781
1341 1801
1341 1804
1341 1827
1341 1867
1347 1767
1347 1796
1347 1837
1347 1842
1347 1850
1349 1578
1349 1581
1349 1582
1349 1599
1349 1607
1349 1612
1349 1619
1349 1621
1349 1635
1349 1670
1349 1673
1349 1676
1349 1682
1349 1684
1349 1756
1349 1787
1349 1819
1349 1850
1349 1867
1351 1804
1351 1807
1360 1643
1362 1571
1362 1575
1362 1576
1362 1578
1362 1580
1362 1581
1362 1607
1362 1612
1362 1619
1362 1621
1362 1625
1362 1635
1362 1643
1362 1664
1362 1670
1362 1671
1362 1672
1362 1676
1362 1679
1362 1682
1362 1684
1362 1688
1362 1690
1362 1692
1362 1696
1362 1697
1362 1702
1362 1706
1362 1754
1362 1760
1362 1765
1362 1766
1362 1767
1362 1768
1362 1770
1362 1781
1362 1787
1362 1789
1362 1796
1362 1803
1362 1804
1362 1806
1362 1807
1362 1812
1362 1819
1362 1821
1362 1827
1362 1839
1362 1842
1362 1844
1362 1850
1362 1852
1362 1855
1362 1867
1362 1881
1364 1621
1367 1621
1368 1571
1368 1576
1368 1580
1368 1582
1368 1612
1368 1621
1368 1635
1368 1692
1368 1697
1368 1765
1368 1878
1369 1581
1369 1599
1369 1612
1369 1619
1369 1621
1369 1625
1369 1643
1369 1663
1369 1670
1369 1672
1369 1673
1369 1676
1369 1679
1369 1688
1369 1692
1369 1696
1369 1760
1369 1767
1369 1770
1369 1785
1369 1787
1369 1796
1369 1806
1369 1821
1369 1844
1369 1852
1369 1855
1375 1571
1375 1581
1375 1599
1375 1607
1375 1619
1375 1635
1375 1684
1375 1690
1375 1692
1375 1765
1375 1807
1375 1812
1375 1850
1375 1881
1375 1882
1376 1612
1376 1663
1376 1673
1376 1679
1376 1697
1377 1612
1377 1673
1380 1581
1380 1812
1380 1867
1391 1581
1391 1717
1391 1765
1391 1770
1391 1781
1391 1785
1395 1571
1395 1582
1395 1664
1395 1702
1395 1706
1395 1781
1395 1787
1395 1842
1395 1882
1398 1826
1412 1663
1412 1673
1412 1760
1412 1790
1412 1833
1413 1621
1414 1607
1417 1580
1417 1582
1418 1781
1420 1575
1420 1702
1420 1804
1420 1807
1420 1827
1420 1842
1424 1664
1427 1682
1433 1790
1436 1833
1437 1672
1437 1673
1440 1571
1440 1625
1440 1635
1440 1804
1442 1756
1442 1767
1445 1612
1446 1571
1446 1577
1446 1578
1446 1599
1446 1673
1446 1766
1449 1575
1449 1612
1449 1634
1449 1663
1449 1676
1449 1690
1449 1697
1449 1760
1449 1765
1449 1767
1449 1768
1449 1804
1449 1807
1449 1812
1449 1833
1449 1852
1449 1875
1450 1575
1450 1607
1450 1635
1450 1702
1450 1807
1453 1607
1453 1635
1453 1765
1453 1790
1453 1807
1454 1801
1455 1607
1455 1682
1455 1768
1455 1803
1455 1855
1459 1578
1459 1664
1459 1881
1462 1821
1465 1578
1465 1581
1465 1634
1465 1664
1465 1676
1465 1679
1465 1684
1465 1692
1465 1706
1465 1747
1465 1756
1465 1760
1465 1812
1465 1837
1465 1881
1467 1672
1468 1672
1470 1770
1475 1580
1475 1607
1475 1612
1475 1715
1476 1717
1476 1796
1477 1612
1477 1625
1478 1673
1479 1612
1479 1634
1479 1676
1479 1760
1479 1812
1483 1775
1485 1850
1486 1582
1486 1619
1490 1576
1490 1612
1493 1634
1493 1635
1493 1702
1493 1756
1493 1766
1493 1827
1493 1881
1494 1684
1497 1612
1497 1634
1497 1760
1497 1804
1497 1882
1499 1577
1499 1582
1499 1607
1499 1619
1499 1621
1499 1625
1499 1634
1499 1671
1499 1682
1499 1765
1499 1767
1499 1827
1499 1867
1500 1577
1500 1578
1500 1580
1500 1636
1500 1679
1500 1794
1500 1833
1502 1673
1508 1577
1508 1688
1509 1571
1509 1671
1509 1756
1510 1575
1510 1635
1510 1760
1510 1787
1510 1801
1510 1880
1512 1672
1512 1673
1512 1790
1512 1804
1512 1807
1513 1571
1513 1575
1513 1582
1513 1599
1513 1607
1513 1612
1513 1621
1513 1643
1513 1671
1513 1673
1513 1682
1513 1692
1513 1697
1513 1702
1513 1760
1513 1765
1513 1785
1513 1794
1513 1804
1513 1807
1513 1812
1513 1833
1513 1837
1513 1844
1513 1850
1513 1852
1513 1881
1517 1673
1519 1801
1521 1621
1521 1634
1521 1697
1521 1702
1521 1756
1521 1760
1521 1765
1521 1807
1526 1636
1526 1826
1529 1571
1529 1580
1529 1581
1529 1625
1529 1692
1529 1767
1529 1785
1531 1575
1531 1635
1531 1765
1531 1819
1532 1635
1532 1717
1532 1881
1533 1687
1533 1839
1536 1673
1537 1571
1537 1581
1537 1625
1539 1571
1539 1635
1539 1765
1539 1796
1539 1844
1541 1612
1544 1575
1544 1607
1544 1635
1544 1643
1544 1676
1544 1682
1544 1697
1544 1706
1544 1760
1544 1794
1544 1804
1544 1807
1544 1827
1544 1837
1544 1850
1545 1582
1547 1679
1547 1704
1547 1801
1549 1826
1549 1827
1549 1881
1550 1635
1550 1704
1550 1818
1551 1760
1553 1607
1553 1634
1553 1635
1553 1664
1553 1697
1553 1747
1553 1756
1553 1790
1553 1804
1553 1807
1553 1812
1555 1599
1555 1612
1555 1621
1555 1625
1555 1673
1555 1767
1556 1581
1556 1612
1556 1663
1556 1670
1556 1812
1557 1571
1558 1571
1559 1571
1560 1571
1560 1577
1561 1571
1562 1571
1562 1578
1563 1571
1563 1578
1564 1571
1564 1881
1565 1571
1565 1578
1565 1799
1566 1571
1567 1571
1567 1634
1567 1760
1568 1571
1568 1664
1568 1867
1569 1571
1569 1635
1569 1754
1569 1767
1569 1768
1569 1781
1569 1806
1569 1844
1570 1577
1570 1612
1570 1663
1570 1676
1570 1679
1570 1696
1570 1697
1570 1754
1570 1760
1570 1765
1570 1767
1570 1770
1570 1785
1570 1787
1570 1794
1570 1796
1570 1812
1570 1833
1570 1837
1570 1844
1570 1852
1570 1881
1572 1577
1573 1577
1574 1577
1575 1577
1575 1612
1575 1621
1575 1625
1575 1663
1575 1679
1575 1760
1575 1852
1576 1577
1576 1756
1576 1790
1578 1582
1578 1612
1578 1643
1578 1664
1578 1670
1579 1582
1580 1582
1581 1582
1584 1585
1588 1586
1589 1576
1589 1690
1589 1765
1589 1775
1589 1781
1589 1812
1589 1881
1590 1756
1596 1790
1596 1850
1598 1599
1598 1807
1604 1612
1604 1625
1604 1717
1604 1790
1604 1801
1604 1819
1604 1881
1605 1612
1606 1612
1607 1612
1607 1664
1607 1682
1607 1790
1607 1812
1607 1827
1607 1837
1607 1882
1608 1612
1609 1578
1610 1612
1610 1697
1610 1790
1610 1878
1611 1612
1611 1663
1611 1670
1611 1676
1615 1664
1615 1760
1615 1796
1615 1826
1617 1619
1617 1760
1618 1619
1620 1621
1622 1625
1623 1625
1624 1625
1625 1581
1625 1643
1625 1670
1626 1625
1627 1625
1628 1625
1629 1625
1634 1636
1634 1682
1634 1697
1634 1756
1634 1760
1634 1804
1635 1571
1635 1576
1635 1607
1635 1636
1635 1671
1635 1679
1635 1682
1635 1684
1635 1688
1635 1690
1635 1692
1635 1702
1635 1708
1635 1749
1635 1754
1635 1756
1635 1760
1635 1765
1635 1767
1635 1775
1635 1781
1635 1806
1635 1807
1635 1821
1635 1827
1635 1837
1635 1878
1635 1881
1635 1882
1638 1575
1638 1607
1638 1635
1638 1697
1638 1747
1638 1803
1638 1804
1638 1819
1638 1827
1638 1850
1638 1875
1639 1578
1640 1578
1641 1571
1641 1578
1641 1682
1641 1688
1641 1706
1641 1842
1642 1578
1643 1578
1644 1643
1644 1754
1645 1578
1646 1578
1647 1571
1647 1578
1647 1607
1647 1643
1647 1671
1647 1702
1648 1578
1649 1578
1650 1578
1651 1578
1653 1580
1658 1881
1659 1664
1659 1706
1659 1837
1661 1663
1661 1804
1661 1812
1665 1670
1666 1670
1667 1670
1668 1670
1669 1581
1669 1643
1669 1670
1669 1673
1669 1676
1669 1684
1669 1692
1669 1785
1669 1794
1669 1833
1669 1837
1669 1842
1669 1882
1671 1673
1672 1673
1672 1770
1672 1821
1673 1672
1673 1682
1673 1770
1674 1581
1674 1676
1674 1695
1674 1852
1674 1880
1675 1676
1678 1634
1678 1679
1678 1717
1678 1756
1678 1801
1678 1880
1678 1881
1681 1682
1682 1607
1682 1702
1682 1706
1682 1756
1682 1768
1682 1827
1685 1571
1685 1607
1685 1664
1685 1671
1685 1767
1685 1812
1685 1827
1685 1850
1687 1706
1687 1756
1690 1607
1690 1635
1690 1692
1690 1697
1690 1702
1690 1756
1690 1804
1690 1812
1690 1837
1690 1880
1691 1607
1691 1690
1691 1692
1691 1827
1691 1867
1691 1882
1695 1760
1696 1571
1696 1664
1696 1697
1696 1787
1696 1790
1696 1807
1696 1850
1697 1804
1697 1807
1697 1812
1700 1635
1702 1571
1702 1576
1702 1635
1702 1672
1702 1682
1702 1696
1702 1706
1702 1756
1702 1760
1702 1765
1702 1767
1702 1770
1702 1775
1702 1785
1702 1787
1702 1794
1702 1796
1702 1804
1702 1806
1702 1812
1702 1833
1702 1837
1702 1842
1702 1844
1702 1852
1702 1855
1702 1875
1702 1881
1704 1696
1704 1706
1704 1765
1710 1671
1710 1697
1710 1715
1710 1819
1710 1850
1710 1867
1711 1785
1713 1715
1713 1819
1715 1785
1715 1819
1729 1819
1746 1804
1746 1867
1748 1749
1748 1760
1753 1754
1755 1607
1756 1571
1756 1576
1756 1607
1756 1635
1756 1672
1756 1682
1756 1690
1756 1696
1756 1702
1756 1760
1756 1765
1756 1767
1756 1770
1756 1775
1756 1781
1756 1785
1756 1787
1756 1796
1756 1801
1756 1806
1756 1812
1756 1821
1756 1827
1756 1833
1756 1837
1756 1842
1756 1844
1756 1852
1756 1855
1756 1867
1756 1875
1756 1881
1756 1882
1757 1672
1757 1682
1757 1770
1757 1804
1758 1760
1759 1571
1759 1635
1759 1664
1759 1760
1763 1671
1763 1768
1764 1767
1765 1697
1765 1760
1765 1767
1765 1827
1765 1882
1766 1571
1766 1575
1766 1576
1766 1607
1766 1634
1766 1664
1766 1671
1766 1682
1766 1690
1766 1696
1766 1702
1766 1756
1766 1767
1766 1781
1766 1787
1766 1790
1766 1794
1766 1804
1766 1812
1766 1821
1766 1833
1766 1837
1766 1852
1766 1867
1766 1881
1769 1696
1774 1702
1774 1775
1774 1781
1774 1782
1774 1785
1774 1859
1775 1635
1775 1697
1775 1768
1775 1781
1775 1785
1775 1804
1775 1812
1776 1785
1777 1785
1778 1702
1778 1775
1778 1781
1778 1785
1779 1785
1780 1785
1781 1785
1781 1867
1782 1775
1782 1781
1782 1785
1782 1859
1783 1575
1783 1671
1783 1697
1783 1785
1783 1804
1783 1806
1783 1821
1783 1837
1783 1850
1785 1856
1785 1859
1785 1867
1788 1702
1788 1756
1788 1775
1788 1781
1788 1782
1788 1789
1788 1856
1788 1859
1788 1867
1790 1794
1791 1794
1795 1796
1796 1760
1801 1635
1801 1672
1801 1717
1802 1672
1803 1607
1803 1682
1803 1801
1803 1804
1804 1760
1804 1806
1805 1575
1805 1607
1805 1635
1805 1765
1805 1801
1805 1806
1805 1812
1805 1880
1807 1571
1807 1576
1807 1702
1807 1704
1807 1765
1807 1804
1807 1812
1807 1827
1809 1827
1812 1697
1813 1695
1813 1826
1813 1881
1814 1682
1817 1571
1817 1575
1817 1607
1817 1634
1817 1664
1817 1671
1817 1682
1817 1697
1817 1756
1817 1768
1817 1790
1817 1804
1817 1807
1817 1850
1817 1867
1818 1695
1818 1826
1819 1678
1819 1715
1819 1804
1819 1807
1819 1827
1819 1850
1820 1821
1823 1833
1824 1833
1825 1833
1826 1833
1826 1881
1827 1575
1827 1607
1827 1760
1827 1807
1827 1826
1827 1833
1827 1881
1828 1833
1829 1833
1830 1833
1831 1833
1832 1833
1835 1837
1836 1607
1836 1697
1836 1765
1838 1576
1838 1607
1838 1635
1838 1702
1838 1765
1838 1812
1839 1760
1843 1844
1844 1850
1845 1571
1845 1607
1845 1682
1845 1702
1845 1804
1845 1807
1845 1850
1845 1875
1848 1664
1848 1671
1850 1760
1850 1790
1850 1807
1850 1839
1850 1881
1853 1855
1854 1855
1856 1859
1857 1859
1858 1775
1858 1859
1860 1634
1860 1635
1860 1850
1860 1880
1867 1756
1868 1827
1869 1775
1870 1775
1871 1775
1871 1781
1872 1775
1873 1875
1874 1875
1880 1807
1881 1882
1883 1690
1884 1690
1885 1690
1885 1702
1894 1790
1894 1812
1895 1697
1895 1765
1895 1804
1895 1812
1895 1819
1895 1827
1896 1812
1897 1765
1897 1812
1899 1803
1899 1804
1899 1819
1900 1575
1900 1671
1900 1804
1900 1807
1900 1819
1901 1671
1901 1804
1902 1664
1903 1635
1903 1664
1903 1804
1903 1867
1904 1803
1906 1576
1906 1635
1906 1765
1906 1803
1906 1819
1906 1827
1907 1635
1907 1695
1907 1715
1907 1717
1907 1781
1907 1801
1907 1818
1907 1826
1907 1827
1907 1880
1908 1781
1910 1571
1910 1607
1910 1760
1910 1765
1910 1790
1910 1804
1910 1807
1910 1839
1910 1850
1910 1880
1911 1607
1911 1697
1911 1702
1911 1804
1912 1576
1915 1635
1917 1765
1917 1827
1918 1765
1919 1682
1919 1765
1922 1575
1922 1607
1922 1697
1923 1571
1923 1607
1923 1635
1923 1671
1923 1867
1924 1575
1924 1634
1924 1697
1924 1760
1924 1768
1924 1790
1924 1804
1924 1807
1924 1818
1924 1827
1924 1850
1925 1635
1925 1807
1925 1819
1925 1826
1925 1827
1926 1571
1926 1760
1926 1827
1933 1697
1933 1804
1933 1807
1933 1867
1935 1607
1935 1635
1935 1671
1935 1804
1935 1819
1935 1827
1940 1867
1941 1702
1943 1702
1943 1819
1943 1881
1944 1702
1945 1702
1947 1607
1947 1682
1948 1695
1948 1801
1948 1826
1948 1880
1948 1881
1949 1682
1950 1682
1951 1607
1951 1682
1952 1682
1953 1607
1954 1607
1955 1575
1955 1607
1955 1664
1955 1695
1955 1760
1955 1766
1955 1804
1955 1818
1955 1826
1955 1827
1955 1850
1955 1867
1955 1880
1956 1607
1956 1671
1957 1807
1971 1697
1972 1575
1972 1760
1972 1801
1972 1850
1972 1867
1975 1651
1975 1695
1975 1717
1975 1760
1975 1801
1975 1813
1975 1818
1975 1826
1975 1827
1975 1880
1975 1881
1976 1571
1976 1575
1976 1664
1976 1671
1976 1695
1976 1697
1976 1747
1976 1756
1976 1760
1976 1768
1976 1804
1976 1807
1976 1818
1976 1839
1976 1850
1976 1867
1976 1880
1980 1803
1986 1671
1990 1634
1991 1697
2002 1801
2002 1881
2003 1671
2008 1867
2010 1697
2010 1850
2014 1671
2014 1715
2014 1839
2015 1671
2016 1575
2016 1635
2016 1671
2016 1747
2016 1804
2016 1850
2017 1671
2017 1856
2018 1819
2019 1671
2020 1671
2020 1760
2020 1807
2021 1671
2021 1760
2022 1756
2023 1756
2023 1801
2023 1818
2024 1756
2025 1664
2025 1804
2030 1867
2031 1867
2032 1867
2033 1867
2037 1575
2037 1826
2037 1880
2037 1881
2042 1571
2043 1571
2044 1571
2045 1571
2046 1571
2048 1634
2048 1635
2048 1695
2048 1697
2048 1717
2048 1801
2048 1807
2048 1813
2048 1826
2048 1880
2048 1881
2051 1586
2051 1664
2052 1807
2061 1697
2061 1804
2061 1850
2065 1687
2087 1856
2089 1664
2092 1634
2092 1768
2092 1790
2092 1803
2092 1807
2092 1850
2093 1575
2093 1634
2093 1635
2093 1664
2093 1697
2093 1790
2093 1803
2093 1804
2093 1807
2093 1819
2093 1850
2094 1575
2094 1635
2094 1760
2094 1803
2094 1804
2094 1807
2094 1819
2094 1827
2094 1850
2096 1635
2098 1807
2104 1695
2104 1715
2104 1717
2104 1801
2104 1803
2104 1807
2104 1819
2104 1827
2104 1850
2106 1635
2106 1790
2106 1807
2106 1826
2106 1827
2108 1856
2109 1856
2110 1856
2112 1804
2112 1807
2112 1850
2116 1850
2118 1760
2118 1826
2120 1717
2120 1827
2121 1575
2121 1635
2121 1697
2121 1790
2121 1803
2121 1804
2121 1807
2121 1819
2124 1575
2124 1697
2124 1790
2124 1804
2124 1807
2124 1818
2124 1850
2131 1634
2131 1804
2131 1807
2143 1760
2143 1827
2144 1634
2144 1826
2145 1664
2145 1695
2145 1717
2145 1760
2145 1790
2145 1807
2145 1827
2145 1850
2149 1664
2149 1790
2149 1827
2149 1850
2150 1880
2151 1575
2151 1804
2151 1826
2152 1634
2152 1635
2152 1664
2153 1664
2153 1803
2153 1850
2156 1664
2156 1790
2156 1807
2157 1664
2158 1634
2158 1664
2158 1747
2158 1790
2158 1807
2158 1850
2159 1664
2160 1575
2160 1664
2160 1807
2161 1664
2161 1717
2161 1760
2161 1801
2161 1881
2162 1664
2163 1664
2164 1664
2165 1664
2165 1760
2165 1818
2166 1586
2166 1631
2166 1634
2166 1635
2166 1651
2166 1664
2166 1687
2166 1695
2166 1715
2166 1717
2166 1747
2166 1760
2166 1790
2166 1801
2166 1803
2166 1807
2166 1817
2166 1818
2166 1819
2166 1826
2166 1827
2166 1839
2166 1850
2166 1880
2166 1881
2167 1790
2173 1651
2177 1586
2177 1635
2177 1704
2177 1747
2177 1790
2177 1826
2177 1839
2177 1850
2179 1804
2186 1760
2186 1807
2190 1804
2191 1575
2191 1790
2191 1804
2192 1575
2192 1704
2192 1760
2192 1804
2192 1807
2192 1850
2193 1804
2193 1818
2193 1850
2194 1804
2195 1804
2196 1575
2196 1697
2196 1804
2197 1804
2200 1697
2200 1704
2200 1807
2200 1826
2200 1850
2203 1850
2208 1801
2212 1634
2212 1790
2213 1575
2213 1697
2213 1760
2213 1807
2213 1850
2213 1880
2214 1575
2215 1807
2216 1839
2217 1635
2217 1880
2221 1575
2233 1575
2233 1807
2234 1575
2234 1697
2234 1747
2234 1850
2238 1634
2238 1695
2238 1704
2238 1717
2238 1760
2238 1827
2238 1850
2238 1880
2239 1717
2239 1760
2239 1826
2239 1879
2239 1880
2240 1695
2240 1747
2240 1803
2240 1881
2241 1881
2243 1687
2243 1695
2243 1715
2243 1801
2243 1813
2243 1826
2243 1880
2244 1695
2244 1760
2245 1695
2245 1760
2245 1801
2245 1803
2245 1819
2245 1826
2245 1827
2248 1768
2256 1697
2256 1768
2258 1697
2258 1717
2258 1801
2258 1803
2258 1880
2259 1697
2260 1697
2261 1687
2261 1697
2262 1768
2267 1717
2267 1803
2267 1819
2269 1635
2269 1687
2269 1704
2269 1715
2269 1717
2269 1801
2269 1803
2269 1818
2269 1819
2269 1826
2269 1827
2269 1880
2269 1881
2271 1803
2272 1818
2273 1819
2274 1695
2274 1818
2274 1880
2277 1819
2277 1826
2278 1760
2278 1818
2278 1826
2280 1803
2281 1695
2281 1717
2281 1801
2281 1818
2281 1880
2281 1881
2282 1850
2283 1819
2284 1717
2284 1803
2284 1819
2285 1635
2285 1819
2287 1635
2287 1760
2290 1695
2290 1717
2290 1760
2290 1818
2290 1826
2290 1880
2290 1881
2295 1818
2302 1634
2308 1819
2311 1790
2311 1807
2314 1760
2314 1790
2315 1827
2320 1790
2323 1760
2323 1827
2327 1826
2330 1747
2330 1807
2330 1850
2335 1634
2335 1801
2336 1807
2336 1850
2339 1747
2349 1790
2351 1687
2351 1695
2351 1801
2351 1803
2351 1807
2351 1819
2351 1826
2351 1839
2351 1850
2351 1880
2352 1634
2353 1807
2353 1850
2366 1760
2369 1790
2372 1717
2374 1801
2374 1850
2379 1807
2380 1678
2380 1704
2387 1850
2388 1635
2388 1695
2388 1717
2388 1819
2388 1826
2388 1880
2403 1826
2403 1827
2404 1635
2410 1747
2412 1635
2412 1717
2412 1760
2412 1803
2412 1818
2412 1819
2412 1827
2413 1631
2413 1801
2413 1819
2433 1850
2434 1850
2435 1634
2435 1760
2435 1818
2435 1850
2437 1747
2438 1634
2438 1635
2438 1747
2443 1819
2444 1635
2444 1766
2444 1819
2455 1634
2461 1634
2461 1827
2467 1635
2467 1695
2467 1717
2467 1801
2467 1819
2467 1881
2476 1827
2482 1634
2483 1634
2483 1760
2483 1818
2488 1635
2488 1760
2488 1818
2488 1881
2491 1715
2491 1717
2491 1760
2491 1801
2491 1813
2491 1818
2491 1826
2491 1827
2491 1880
2491 1881
2492 1819
2495 1678
2495 1695
2495 1704
2495 1818
2495 1826
2495 1827
2497 1631
2504 1695
2504 1827
2506 1687
2507 1717
2510 1717
2519 1801
2519 1826
2524 1760
2527 1827
2528 1631
2528 1695
2528 1819
2528 1839
2528 1880
2533 1704
2536 1635
2538 1803
2538 1819
2541 1760
2541 1819
2542 1635
2543 1635
2543 1717
2543 1818
2543 1819
2543 1827
2543 1880
2545 1827
2545 1880
2545 1881
2548 1717
2549 1631
2549 1760
2549 1818
2549 1819
2550 1717
2550 1819
2551 1827
2563 1635
2569 1801
2569 1880
2570 1635
2570 1801
2570 1826
2570 1880
2571 1695
2572 1635
2572 1717
2573 1635
2573 1715
2575 1635
2575 1803
2575 1819
2581 1635
2581 1819
2582 1760
2586 1635
2588 1635
2588 1760
2588 1819
2591 1651
2591 1801
2591 1839
2591 1881
2594 1717
2595 1760
2599 1819
2602 1803
2602 1819
2604 1803
2604 1819
2606 1635
2606 1766
2610 1881
2611 1717
2639 1687
2640 1717
2640 1880
2641 1827
2643 1760
2644 1635
2646 1760
2662 1813
2669 1695
2678 1760
2681 1717
2681 1881
2686 1819
2687 1695
2687 1801
2698 1687
2711 1635
2721 1818
2721 1880
2724 1760
2725 1803
2726 1631
2726 1827
2728 1635
2741 1695
2741 1818
2741 1881
2754 1801
2754 1881
2758 1801
2773 1818
2773 1881
2786 1801
2791 1880
2793 1827
2796 1717
2796 1880
2797 1826
2797 1827
2799 1695
2799 1760
2799 1801
2799 1818
2799 1826
2799 1827
2807 1635
2815 1839
2816 1717
2816 1880
2817 1687
2818 1717
2823 1760
2824 1635
2826 1704
2828 1760
2830 1695
2830 1760
2830 1813
2830 1826
2830 1880
2832 1717
2838 1695
2839 1801
2845 1818
2854 1717
2854 1826
2854 1879
2854 1880
2854 1881
2859 1704
2859 1715
2859 1826
2859 1827
2860 1689
2860 1826
2861 1826
2863 1678
2863 1704
2863 1826
2863 1827
2864 1695
2864 1715
2864 1818
2864 1826
2864 1881
2865 1715
2865 1826
2865 1827
2866 1687
2866 1695
2866 1704
2866 1715
2866 1826
2866 1827
2867 1678
2867 1801
2867 1813
2867 1826
2868 1801
2871 1689
2871 1826
2872 1715
2872 1826
2876 1880
2880 1880
2885 1880
2885 1881
2886 1704
2887 1695
2887 1760
2887 1818
2890 1880
2891 1695
2891 1880
2900 1704
2907 1880
2912 1818
2912 1827
2914 1760
2915 1704
2915 1818
2918 1801
2920 1631
2920 1801
2926 1717
2927 1717
2932 1651
2932 1760
2932 1801
2932 1827
2932 1881
2945 1801
2950 1695
2950 1760
2950 1881
2956 1695
2956 1760
2956 1818
2957 1801
2968 1839
2973 1668
2980 1704
2986 1827
2991 1695
2991 1704
2991 1827
2992 1631
2992 1695
2992 1760
2992 1826
2992 1827
2999 1695
2999 1881
3002 1695
3002 1760
3003 1827
3005 1631
3005 1801
3006 1687
3013 1818
3013 1826
3013 1827
3013 1839
3013 1881
3014 1678
3014 1687
3014 1704
3014 1839
3015 1826
3016 1760
3016 1881
3017 1881
3029 1760
3030 1695
3031 1818
3031 1881
3035 1687
3036 1818
3036 1826
3036 1881
3044 1631
3044 1801
3048 1801
3066 1695
3070 1760
3075 1760
3075 1881
3077 1695
3077 1818
3077 1881
3081 1704
3081 1760
3082 1695
3082 1760
3084 1631
3085 1881
3110 1760
3112 1881
3125 1704
3126 1687
3126 1715
3126 1813
3126 1818
3126 1827
3129 1813
3130 1826
3130 1827
3132 1760
3132 1881
3138 1760
3140 1818
3144 1827
3145 1818
3146 1881
3147 1715
3147 1801
3147 1881
3150 1818
3151 1651
3155 1651
3156 1651
3158 1801
3159 1801
3160 1801
3161 1801
3173 1818
3183 1760
3204 1827
3213 1818
3215 1695
3215 1715
3221 1881
3238 1818
3244 1695
3244 1760
3244 1827
3244 1839
3248 1881
3251 1818
3251 1826
3258 1818
3259 1704
3259 1826
3260 1760
3260 1826
3276 1881
3277 1695
3277 1827
3279 1881
3280 1818
3280 1881
3285 1760
3287 1881
3300 1704
3300 1818
3304 1687
3304 1826
3304 1827
3305 1678
3306 1760
3308 1689
3308 1827
3309 1678
3309 1826
3309 1827
3322 1695
3323 1695
3323 1826
3325 1695
3325 1715
3325 1813
3325 1818
3325 1826
3328 1760
3330 1704
3333 1678
3333 1695
3333 1818
3333 1826
3334 1695
3334 1760
3334 1813
3336 1760
3336 1818
3336 1826
3336 1839
3337 1715
3337 1827
3352 1839
3360 1839
3366 1760
3366 1818
3367 1695
3367 1813
3367 1818
3370 1689
3370 1760
3370 1818
3370 1826
3371 1760
3379 1818
3381 1695
3381 1704
3384 1695
3385 1695
3387 1760
3387 1827
3387 1839
3391 1695
3394 1826
3394 1827
3395 1827
3399 1818
3421 1695
3422 1760
3423 1760
3423 1818
3423 1826
3424 1760
3428 1826
3430 1818
3437 1695
3438 1827
3442 1826
3442 1827
3445 1827
3449 1818
3464 1826
3467 1818
3481 1704
3500 1704
3526 1704
3534 1695
3535 1695
3536 1695
3536 1704
3537 1695
3538 1704
3538 1715
3555 1827
3590 1826
3599 1826
3600 1678
3600 1687
3607 1826
3607 1827
3617 1826
3639 1827
3641 1827
3655 1689
3668 1687
3675 1715
3675 1826
3675 1827
3685 1827
3698 1827
3702 1826
3703 1826
3704 1826
3705 1826
3706 1839
3736 1689
3740 1827
3753 1827
3754 1827
3762 1678
3769 1715
3770 1715
3798 1704
3817 1678
3824 1704
3824 1715
3826 1715
3840 1586
3840 1687
3852 1687
3867 1678
3878 1704
3882 1687
3930 1715
3932 1715
3933 1678
3933 1704
3933 1715
3934 1715
3935 1715
3974 1687
3974 1704
3980 1678
3985 1586
3986 1678
3986 1704
3986 1839
3999 1704
4006 1687
4028 1687
4028 1839
4070 1678
4070 1704
4102 1704
4104 1839
4106 1839
4138 1687
4141 1704
4142 1678
4142 1687
4144 1687
4144 1704
4144 1839
4145 1704
4150 1678
4150 1839
4153 1678
4153 1839
4154 1678
4154 1704
4154 1839
4155 1704
4161 1678
4161 1704
4195 1687
4202 1839
4318 1704
4323 1704
4332 1687
4366 1704
4372 1704
4396 1678
4396 1687
4396 1839
4402 1678
4402 1704
4436 1678
4436 1839
4484 1839
4508 1704
4512 1678
4513 1678
4513 1687
4513 1839
4536 1704
4565 1687
4580 1687
4580 1839
4586 1678
4586 1687
4589 1678
4595 1687
4598 1839
4600 1678
4600 1839
4603 1687
4606 1678
4606 1839
4608 1687
4640 1687
4745 1678
4752 1687
4800 1839
4882 1687
4900 1839
4904 1678
4918 1687
4920 1687
4920 1839
4938 1678
4938 1687
4938 1839
4947 1678
4951 1687
4986 1678
5007 1678
5016 1839
5033 1678
5048 1839
5053 1839
5068 1678
5080 1678
5085 1839
5089 1839
5114 1687
5124 1839
5149 1839
5155 1687
5155 1839
5160 1687
5223 1839
5239 1687
5242 1839
5247 1839
5259 1687
5261 1687
5266 1839
5273 1687
5274 1839
5275 1839
5276 1839
5382 1687
5383 1687
5403 1687
5404 1687
5405 1687
5456 1586
5456 1687
5464 1687
5465 1687
5469 1687
5477 1687
5481 1687
5485 1687
5576 1635
5577 1635
5581 1687
5608 1687
5627 1687
5663 1687
5672 1687
5682 1687
5694 1687
5703 1687
5717 1687
5777 1687
5847 1687
5875 1586
5877 1687
5879 1687
5888 1687
5896 1687
5912 1687
5914 1687
5937 1687
5970 1687
5987 1687
6000 1687
6001 1687
6094 1687
6127 1687
6164 1687
6179 1687
6206 1687
