3 629
3 646
3 656
3 664
3 668
3 678
3 685
3 691
3 717
3 722
3 730
3 738
3 741
3 749
3 750
3 752
3 758
3 764
3 773
3 779
3 783
3 803
3 806
3 808
3 813
3 814
3 820
3 832
3 834
3 836
3 847
3 858
3 862
3 868
3 871
3 878
3 889
3 894
3 939
5 628
5 646
5 664
5 668
5 682
5 687
5 705
5 723
5 725
5 727
5 735
5 738
5 739
5 741
5 783
5 819
5 918
6 717
6 727
6 749
6 756
6 769
6 779
6 814
6 823
6 884
6 929
7 628
7 646
8 628
8 629
8 630
8 631
8 632
8 639
8 646
8 657
8 659
8 664
8 668
8 669
8 671
8 672
8 682
8 687
8 690
8 691
8 697
8 698
8 700
8 705
8 709
8 713
8 717
8 718
8 722
8 723
8 725
8 727
8 730
8 732
8 735
8 738
8 739
8 741
8 743
8 749
8 750
8 756
8 758
8 759
8 764
8 769
8 773
8 776
8 779
8 782
8 783
8 784
8 787
8 788
8 789
8 791
8 792
8 793
8 798
8 799
8 801
8 802
8 803
8 806
8 810
8 813
8 817
8 820
8 823
8 826
8 830
8 834
8 835
8 839
8 840
8 846
8 856
8 858
8 867
8 868
8 870
8 871
8 884
8 889
8 893
8 894
8 904
8 923
8 929
8 932
8 938
8 941
9 633
9 671
9 675
9 687
9 699
9 717
9 784
11 663
11 810
11 867
11 888
11 907
11 937
12 630
12 749
12 816
12 846
13 656
13 682
13 717
13 743
13 823
13 834
14 787
14 823
17 633
17 669
17 699
17 713
17 720
17 723
17 769
17 787
17 789
17 822
17 823
17 834
17 835
17 870
17 879
17 889
17 894
17 904
18 628
18 633
18 660
18 668
18 698
18 713
18 727
18 730
18 743
18 749
18 759
18 779
18 803
18 806
18 854
18 884
20 628
20 660
20 738
20 752
20 791
20 814
20 822
20 830
20 874
20 888
20 937
21 628
21 630
21 631
21 637
21 669
21 678
21 682
21 709
21 713
21 717
21 722
21 743
21 749
21 750
21 759
21 779
21 782
21 791
21 792
21 803
21 834
21 835
21 839
21 856
21 870
21 878
21 888
21 904
21 932
21 937
21 939
22 717
22 723
22 835
24 725
25 656
25 664
25 718
25 723
25 750
25 801
25 832
25 862
25 866
26 629
26 656
26 675
26 693
26 698
26 699
26 701
26 717
26 722
26 725
26 727
26 735
26 739
26 750
26 769
26 776
26 779
26 781
26 783
26 785
26 788
26 799
26 801
26 808
26 854
26 862
26 907
32 669
32 713
32 758
32 803
32 806
32 813
32 820
32 859
32 862
32 904
32 941
33 630
33 678
33 682
33 699
33 705
33 709
33 717
33 718
33 720
33 750
33 759
33 773
33 787
33 791
33 801
33 802
33 814
33 817
33 822
33 823
33 834
33 839
33 859
33 862
33 873
33 904
33 932
33 937
33 939
33 941
34 630
34 738
35 773
36 646
36 659
36 687
36 735
36 847
38 698
38 717
38 743
38 749
39 675
39 682
39 688
39 713
39 758
39 759
39 817
39 834
39 862
39 888
39 904
39 937
39 941
40 717
40 769
41 759
41 793
41 808
41 932
42 730
43 699
43 705
43 717
43 832
43 834
44 629
44 656
44 685
44 705
44 717
44 782
44 801
44 830
44 834
44 932
45 682
45 735
46 630
46 867
46 937
50 672
50 717
52 651
52 659
52 661
52 769
52 788
52 799
52 801
52 866
53 630
54 656
54 682
55 713
56 631
56 720
56 750
56 775
56 782
56 784
56 802
56 840
56 870
56 939
63 651
63 819
63 862
63 904
65 630
65 690
65 862
66 656
66 750
66 759
66 784
66 813
66 830
66 870
67 660
67 668
67 685
67 705
67 738
67 741
67 789
67 793
67 802
67 814
67 817
67 830
67 832
67 834
67 847
67 859
67 862
67 867
67 871
67 894
67 937
69 637
69 651
69 656
69 660
69 669
69 672
69 682
69 722
69 723
69 749
69 750
69 769
69 773
69 784
69 798
69 799
69 801
69 803
69 834
69 836
69 862
69 888
69 932
69 937
72 727
72 735
73 659
73 717
74 656
74 682
74 717
74 723
74 735
74 781
74 798
74 801
74 888
75 646
75 656
75 664
75 682
75 717
75 791
75 862
78 629
78 660
78 661
78 685
78 735
78 749
78 750
78 759
78 764
78 769
78 779
78 784
78 814
78 822
78 830
78 832
78 847
78 862
79 629
79 630
79 633
79 656
79 698
79 764
79 779
79 801
79 806
79 839
79 858
79 888
79 889
79 937
80 862
80 867
81 629
81 685
81 779
81 801
81 835
81 847
81 938
85 718
90 629
91 678
93 798
93 929
98 834
99 656
99 660
99 698
99 700
99 705
99 717
99 718
99 722
99 727
99 738
99 739
99 750
99 752
99 769
99 779
99 783
99 788
99 791
99 798
99 808
99 814
99 821
99 822
99 832
99 847
99 854
100 699
100 717
100 741
100 750
100 835
100 836
100 904
101 630
101 699
101 709
101 718
101 727
101 822
101 854
104 633
104 690
104 716
104 816
106 651
106 784
106 802
106 803
106 854
107 656
107 764
107 799
107 830
108 630
108 671
108 709
108 749
108 799
108 816
108 823
108 847
108 862
109 629
109 678
109 717
109 723
109 750
109 784
109 803
109 834
111 750
111 783
115 629
116 664
116 672
116 682
116 709
116 717
116 722
116 727
116 730
116 787
116 813
116 939
117 628
117 659
117 668
117 672
117 687
117 750
117 801
120 630
120 671
120 682
120 730
120 743
120 769
120 803
120 814
120 832
120 836
120 868
120 894
120 904
121 637
121 907
122 660
122 664
122 685
122 784
122 801
122 808
122 834
122 835
122 847
122 854
122 862
124 672
124 698
124 705
124 717
124 722
124 735
124 743
124 750
124 769
124 783
124 787
124 791
124 798
124 801
124 814
124 835
124 939
127 661
127 717
127 750
127 801
127 830
127 888
127 937
128 775
130 630
130 717
130 741
130 749
130 798
130 808
130 835
130 854
130 888
130 889
130 934
130 937
132 787
132 806
132 820
132 830
132 941
135 923
137 656
137 698
137 699
137 718
137 752
137 759
137 802
139 656
139 717
139 834
141 630
141 669
141 713
141 743
141 756
141 758
141 803
141 823
141 840
141 858
141 878
141 894
142 629
142 630
142 716
142 732
142 735
142 817
142 834
143 631
143 632
143 637
143 639
143 656
143 660
143 669
143 671
143 678
143 682
143 685
143 688
143 697
143 713
143 717
143 720
143 730
143 732
143 743
143 750
143 756
143 758
143 759
143 764
143 769
143 773
143 782
143 784
143 787
143 791
143 792
143 793
143 794
143 798
143 801
143 802
143 803
143 813
143 814
143 817
143 821
143 834
143 836
143 839
143 840
143 847
143 858
143 859
143 862
143 867
143 868
143 870
143 871
143 888
143 889
143 893
143 904
143 929
143 932
143 937
143 938
143 941
145 671
145 717
145 730
145 773
145 794
145 803
145 878
145 937
146 685
146 810
146 814
147 664
147 682
147 705
147 750
147 801
147 834
147 835
147 854
148 819
148 830
149 759
149 862
149 867
149 926
151 671
151 735
151 750
151 813
151 814
151 819
151 823
151 834
151 846
151 847
151 862
151 878
151 941
154 628
154 629
154 646
154 779
154 819
154 830
158 668
159 717
159 779
159 783
160 816
162 904
162 932
164 628
164 682
164 688
164 799
164 859
164 862
164 878
164 937
166 904
166 932
170 937
174 651
174 697
174 756
174 789
174 799
174 826
174 834
174 835
174 856
174 929
174 938
175 750
181 739
182 672
182 717
182 835
184 656
184 819
188 799
188 907
189 717
189 803
189 859
193 705
193 717
194 633
194 870
198 668
198 723
205 651
205 846
210 717
210 723
210 738
210 750
211 628
211 631
211 633
211 646
211 656
211 664
211 682
211 723
211 735
211 834
211 937
213 822
214 894
215 637
215 669
215 682
215 713
215 749
215 802
215 904
215 932
218 630
218 749
218 769
218 937
220 692
220 847
221 697
221 705
221 782
223 782
224 656
224 682
224 750
224 814
224 819
224 835
225 713
225 782
225 784
229 792
230 668
231 656
231 660
231 661
231 678
231 682
231 685
231 759
231 808
231 819
231 830
231 832
231 835
231 836
231 847
231 854
231 878
231 888
231 937
232 630
233 639
235 631
235 834
237 633
237 743
237 759
237 792
237 802
237 816
239 791
249 629
249 631
249 656
249 661
249 675
249 685
249 758
249 759
249 791
249 806
249 808
249 813
249 814
249 820
249 822
249 830
249 854
249 859
249 862
249 888
249 937
250 854
251 628
251 630
251 633
251 660
251 661
251 664
251 675
251 682
251 717
251 722
251 727
251 735
251 738
251 750
251 751
251 758
251 759
251 764
251 783
251 799
251 801
251 803
251 806
251 813
251 814
251 816
251 820
251 834
251 847
251 856
251 858
251 862
251 868
251 874
251 878
253 630
253 656
253 678
253 682
253 699
253 705
253 713
253 717
253 718
253 720
253 735
253 750
253 759
253 764
253 787
253 794
253 801
253 802
253 803
253 814
253 816
253 820
253 823
253 834
253 835
253 839
253 858
253 862
253 870
253 873
253 874
253 889
253 894
253 941
255 628
255 631
255 633
255 637
255 646
255 651
255 656
255 660
255 664
255 671
255 672
255 678
255 682
255 705
255 717
255 727
255 730
255 735
255 749
255 756
255 769
255 773
255 779
255 782
255 783
255 791
255 792
255 793
255 798
255 801
255 808
255 814
255 826
255 830
255 832
255 834
255 835
255 836
255 839
255 846
255 854
255 868
255 874
255 893
255 929
255 932
255 937
255 939
256 630
256 633
256 637
256 651
256 656
256 661
256 671
256 675
256 691
256 705
256 717
256 718
256 720
256 730
256 735
256 743
256 749
256 750
256 758
256 759
256 773
256 777
256 783
256 784
256 787
256 789
256 792
256 798
256 799
256 801
256 813
256 814
256 820
256 822
256 826
256 830
256 834
256 835
256 836
256 846
256 854
256 858
256 859
256 862
256 866
256 867
256 870
256 873
256 888
256 889
256 923
256 934
256 937
256 939
257 637
257 651
257 656
257 660
257 661
257 664
257 668
257 669
257 671
257 672
257 678
257 682
257 685
257 687
257 698
257 699
257 700
257 705
257 709
257 717
257 720
257 723
257 725
257 727
257 735
257 738
257 739
257 741
257 743
257 749
257 750
257 752
257 769
257 776
257 779
257 783
257 784
257 787
257 789
257 791
257 794
257 799
257 801
257 802
257 808
257 814
257 819
257 820
257 822
257 823
257 826
257 830
257 832
257 835
257 836
257 839
257 846
257 847
257 854
257 859
257 866
257 871
257 874
257 878
257 893
257 894
257 939
257 941
258 629
258 630
258 661
258 717
258 730
258 787
258 801
258 802
258 816
258 820
258 822
258 839
258 862
260 633
260 646
260 664
260 668
260 682
260 699
260 705
260 717
260 722
260 723
260 732
260 735
260 738
260 741
260 749
260 750
260 777
260 788
260 789
260 806
260 826
260 834
260 873
260 937
260 941
262 630
262 637
262 656
262 660
262 661
262 671
262 678
262 685
262 688
262 691
262 705
262 709
262 713
262 717
262 722
262 723
262 727
262 730
262 735
262 743
262 750
262 769
262 779
262 787
262 794
262 799
262 801
262 803
262 813
262 814
262 822
262 830
262 832
262 834
262 835
262 836
262 839
262 847
262 854
262 858
262 859
262 862
262 868
262 874
262 888
262 889
262 894
262 904
262 937
262 939
264 633
264 656
264 664
264 669
264 671
264 678
264 682
264 687
264 691
264 705
264 717
264 735
264 756
264 758
264 759
264 773
264 783
264 798
264 809
264 813
264 814
264 820
264 822
264 834
264 836
264 859
264 862
264 871
264 873
264 929
265 907
266 637
266 682
266 750
266 769
266 791
266 801
266 808
266 813
266 814
266 859
266 862
269 656
269 682
269 808
269 862
270 867
272 717
272 769
272 888
273 656
273 862
278 656
278 687
278 693
278 699
278 700
278 709
278 722
278 723
278 741
278 749
278 769
278 779
278 787
278 791
278 798
278 826
278 830
278 854
278 859
279 700
279 862
280 787
283 630
283 669
283 682
283 687
283 713
283 722
283 738
283 741
283 749
283 750
283 769
283 783
283 787
283 802
283 888
283 907
284 741
284 769
284 779
284 784
284 791
284 806
284 814
284 826
284 847
285 693
285 847
290 633
290 713
290 783
292 637
292 682
292 735
292 787
292 822
292 858
295 749
298 637
298 834
298 878
304 847
310 630
310 656
310 688
310 705
310 709
310 717
310 727
310 735
310 738
310 739
310 741
310 750
310 752
310 783
310 791
310 801
310 803
310 819
310 832
310 859
310 862
310 867
310 868
310 879
310 888
315 656
315 682
315 819
315 826
315 839
315 859
315 862
315 878
315 941
324 682
332 809
337 637
337 879
340 816
342 866
342 888
344 630
344 631
344 705
344 743
344 784
344 792
344 801
344 830
344 834
344 840
344 854
344 884
344 932
349 699
349 705
349 718
349 727
349 784
354 816
360 699
360 717
360 749
363 685
365 698
365 700
365 884
366 832
368 633
368 637
368 664
368 668
368 678
368 682
368 698
368 700
368 705
368 720
368 723
368 727
368 750
368 803
368 820
368 834
368 839
368 867
368 874
368 879
368 884
368 889
368 929
375 750
382 884
387 682
388 630
388 631
388 632
388 656
388 675
388 691
388 697
388 716
388 717
388 720
388 730
388 732
388 756
388 759
388 773
388 782
388 787
388 792
388 802
388 803
388 817
388 834
388 840
388 856
388 858
388 889
388 893
388 894
388 929
388 932
389 888
394 709
395 749
400 820
400 862
410 656
410 693
410 749
410 839
410 907
411 682
411 743
424 856
431 801
441 669
441 803
441 820
441 839
441 862
442 629
442 630
442 631
442 632
442 759
442 784
442 792
442 816
442 870
447 862
448 637
448 749
449 929
450 749
451 637
451 669
451 682
451 709
451 713
451 717
451 722
451 735
451 749
451 750
451 752
451 791
451 834
451 839
451 879
451 888
451 904
451 932
451 937
455 628
455 907
459 750
467 932
470 633
474 941
478 656
482 660
482 773
482 787
482 814
482 832
483 718
483 773
483 787
483 793
483 802
483 839
483 871
485 693
485 862
485 894
487 722
494 628
494 630
494 631
494 637
494 660
494 664
494 669
494 682
494 705
494 713
494 718
494 723
494 735
494 741
494 749
494 750
494 758
494 779
494 792
494 803
494 839
494 859
494 862
494 884
494 888
494 904
494 929
494 932
495 669
497 803
506 664
507 628
510 705
510 717
510 750
510 798
512 645
512 738
512 739
512 821
516 668
516 669
516 682
516 749
516 803
516 834
516 840
521 628
521 637
521 656
521 664
521 682
521 685
521 717
521 722
521 749
521 823
521 862
522 669
522 678
522 705
522 713
522 743
522 782
522 783
522 787
522 792
522 794
522 801
522 834
522 839
522 846
522 879
523 646
523 669
523 717
523 722
523 784
523 801
523 823
523 832
523 854
523 862
523 871
524 672
525 630
525 656
525 699
525 717
525 722
525 784
525 819
525 854
525 862
527 628
527 629
527 660
527 682
527 688
527 722
527 787
527 789
527 826
527 830
527 859
527 862
527 866
531 664
531 688
531 725
531 801
531 814
531 859
531 862
531 888
531 937
532 630
532 722
532 759
532 858
532 939
533 682
533 717
533 722
534 630
534 675
535 697
535 717
535 826
535 867
535 888
535 937
536 660
536 664
536 735
536 739
536 836
537 630
537 633
537 646
537 660
537 664
537 672
537 682
537 713
537 718
537 727
537 741
537 750
537 773
537 779
537 783
537 798
537 819
537 823
537 836
537 862
537 866
537 888
540 801
545 629
545 717
545 820
548 628
548 629
548 630
548 637
548 656
548 660
548 664
548 682
548 687
548 705
548 713
548 717
548 723
548 727
548 730
548 735
548 738
548 743
548 773
548 776
548 783
548 793
548 808
548 813
548 820
548 821
548 826
548 834
548 847
548 862
548 878
548 888
548 937
548 939
549 709
552 932
557 717
557 735
557 750
557 814
557 822
559 628
559 682
564 637
564 669
564 671
564 691
564 713
564 720
564 789
564 794
564 799
564 808
564 813
564 822
564 826
564 858
564 868
564 873
564 874
564 878
564 894
566 664
566 856
566 874
568 682
568 722
568 775
568 784
568 878
572 629
572 630
572 637
572 656
572 678
572 722
572 749
572 779
572 801
572 813
572 839
572 854
572 937
573 862
573 939
574 656
574 660
574 682
574 718
574 750
574 783
574 787
574 803
574 822
574 823
574 834
574 835
574 847
574 854
574 859
574 862
574 868
574 874
574 894
574 939
576 820
580 630
580 633
580 656
580 671
580 717
580 718
580 732
580 759
580 787
580 794
580 816
580 826
580 834
580 839
580 847
580 862
580 870
580 923
580 939
581 661
581 688
581 717
581 735
581 773
581 779
581 787
581 789
581 801
581 820
581 822
581 847
581 894
581 941
582 633
582 656
582 669
582 682
582 697
582 764
582 820
582 834
582 888
582 932
582 937
583 630
583 637
583 651
583 660
583 661
583 669
583 678
583 691
583 713
583 717
583 720
583 756
583 758
583 775
583 787
583 791
583 792
583 794
583 799
583 813
583 819
583 820
583 830
583 832
583 835
583 839
583 847
583 859
583 862
583 866
583 873
583 874
583 888
583 889
583 894
583 904
583 937
584 632
584 651
584 656
584 784
584 793
584 799
584 801
584 820
584 822
584 832
584 867
584 874
584 934
585 637
585 651
585 656
585 661
585 717
585 720
585 784
585 787
585 798
585 803
585 814
585 821
585 830
585 832
585 834
585 862
585 873
585 878
585 879
585 888
585 889
585 894
585 937
585 941
586 661
586 820
589 669
589 717
589 839
589 846
589 894
589 904
595 628
595 630
595 631
595 633
595 637
595 656
595 678
595 682
595 690
595 700
595 705
595 749
595 750
595 756
595 759
595 779
595 782
595 816
595 819
595 832
595 834
595 856
595 862
595 884
595 941
598 656
598 718
598 846
601 682
603 699
603 749
603 750
603 801
603 830
603 858
603 862
603 867
603 871
605 717
606 862
609 725
610 701
611 821
614 630
614 637
614 656
614 675
614 682
614 699
614 717
614 722
614 741
614 749
614 787
614 819
614 820
614 834
614 835
614 846
614 847
614 859
614 862
614 873
614 874
614 888
620 656
620 664
620 671
620 682
620 735
620 874
626 628
627 628
627 630
627 631
627 637
627 656
627 749
627 750
627 806
627 814
627 822
627 836
627 839
627 854
627 888
627 904
627 907
627 937
629 830
630 656
630 699
630 738
630 750
630 751
630 808
630 834
630 862
630 888
630 937
631 633
631 682
631 685
631 749
631 884
632 792
632 793
634 633
634 656
634 682
634 690
634 691
634 716
634 717
634 730
634 735
634 759
634 792
634 803
634 809
634 810
634 816
634 820
634 867
634 871
634 884
634 934
634 939
637 668
637 671
637 678
637 682
637 693
637 727
637 743
637 749
637 756
637 773
637 787
637 794
637 801
637 802
637 803
637 816
637 820
637 834
637 846
637 856
637 867
637 870
637 878
637 879
637 884
637 888
637 907
637 932
637 937
637 941
638 749
638 752
639 749
640 664
640 682
649 664
649 668
649 682
651 633
651 656
651 675
651 716
651 717
651 756
651 759
651 784
651 792
651 793
651 794
651 806
651 816
651 823
651 826
651 830
651 834
651 839
651 846
651 847
651 854
651 888
651 934
655 629
655 630
655 637
655 718
655 722
655 749
655 750
655 799
655 802
655 806
655 816
655 820
655 859
655 874
656 630
656 637
656 660
656 661
656 664
656 682
656 705
656 717
656 743
656 749
656 784
656 792
656 793
656 802
656 813
656 814
656 820
656 826
656 835
656 839
656 846
656 847
656 862
656 888
656 937
657 637
657 659
657 660
657 682
657 822
657 858
660 656
660 661
660 750
660 823
661 656
661 660
661 713
661 739
661 743
661 750
661 803
661 806
661 834
661 839
661 854
661 859
661 870
661 888
661 937
662 664
662 867
663 664
663 682
663 727
665 668
666 668
666 693
667 668
667 699
668 637
668 693
669 672
671 656
671 678
671 690
671 717
671 730
671 787
671 792
671 794
671 803
671 834
671 835
671 889
671 923
671 929
671 939
673 672
674 878
675 671
675 682
675 802
675 819
675 830
675 847
676 682
677 682
677 687
678 631
678 671
678 682
678 687
678 690
678 718
678 723
678 730
678 735
678 743
678 759
678 784
678 787
678 792
678 793
678 801
678 802
678 810
678 816
678 834
678 835
678 856
678 867
678 871
678 884
678 889
678 923
679 682
679 749
680 682
680 693
681 631
681 651
681 682
681 693
681 730
681 834
683 687
683 779
684 687
685 687
685 937
686 687
687 678
688 656
688 798
688 862
690 691
691 629
691 633
691 730
691 743
691 759
691 784
691 792
691 794
691 803
691 810
691 834
691 884
691 889
691 893
691 938
694 693
694 834
695 693
695 932
696 735
697 631
697 633
697 834
698 700
699 675
699 700
699 705
699 717
699 723
699 725
699 735
699 738
699 739
699 741
699 756
699 779
699 938
701 698
702 633
703 705
703 713
703 782
703 783
703 784
703 791
703 794
703 938
704 705
705 660
705 661
705 671
705 717
705 782
705 783
705 791
705 802
705 847
705 862
705 878
705 879
705 888
705 939
706 699
707 699
708 699
708 738
708 739
708 749
710 862
711 717
712 630
712 717
712 764
712 832
712 834
712 888
713 656
713 717
713 727
713 756
713 826
714 722
714 810
714 814
714 822
714 941
715 854
716 690
718 802
719 798
720 630
720 787
720 862
720 873
721 709
721 752
724 725
724 739
724 749
724 750
724 752
724 776
724 783
724 791
724 862
724 907
724 918
726 727
728 739
728 787
728 846
729 629
729 717
729 720
729 743
729 751
729 834
730 651
730 671
730 691
730 717
730 787
730 789
730 803
730 813
730 823
730 839
730 889
730 894
731 816
731 834
731 879
732 709
733 735
734 735
736 675
736 690
736 738
737 738
739 752
739 806
739 826
739 888
740 878
741 660
741 819
741 836
743 722
744 722
745 722
746 722
747 722
748 749
750 660
751 752
751 888
751 937
751 939
753 862
756 631
756 775
756 823
756 834
756 839
756 854
756 867
756 929
759 801
762 637
762 656
762 660
762 661
762 769
762 779
762 801
762 874
762 879
762 888
762 907
762 937
763 776
763 798
763 835
763 888
763 937
765 830
766 769
769 631
769 840
769 904
771 787
771 862
772 629
772 820
773 629
773 630
773 631
773 669
773 691
773 720
773 730
773 743
773 756
773 759
773 764
773 773
773 775
773 777
773 784
773 787
773 789
773 792
773 816
773 820
773 823
773 834
773 840
773 858
773 867
773 870
773 871
773 889
773 894
773 929
773 932
774 637
774 779
775 630
778 779
780 661
780 839
780 854
780 929
782 713
782 783
784 661
784 798
784 801
784 822
784 888
784 893
784 937
784 941
785 808
785 814
787 720
787 758
787 773
787 775
787 813
787 820
787 870
787 894
787 941
789 691
789 769
789 773
789 791
789 798
789 803
789 859
790 791
792 630
792 633
792 717
792 718
792 743
792 784
792 793
792 826
792 834
792 856
792 867
792 871
792 884
792 894
792 939
793 632
796 769
797 756
797 826
799 632
799 633
799 651
799 688
799 717
799 801
799 820
799 834
799 859
799 862
799 867
799 874
799 888
799 937
800 801
800 859
802 820
802 826
802 862
803 671
803 840
803 870
803 939
804 808
804 867
804 884
805 808
806 808
807 808
809 814
810 814
811 814
812 651
812 717
812 814
812 858
813 630
813 656
813 660
813 671
813 717
813 730
813 784
813 787
813 799
813 814
813 821
813 823
813 846
813 854
815 819
816 630
816 819
817 819
817 834
818 819
820 629
820 671
820 759
820 799
820 802
820 821
820 830
820 834
820 858
820 862
820 867
820 894
820 934
820 939
822 656
822 717
822 888
822 937
823 660
823 717
823 743
823 784
823 878
823 939
825 656
825 836
826 656
826 717
827 656
827 657
827 671
827 773
827 792
827 794
827 803
827 826
827 834
827 894
828 830
829 630
829 716
829 718
829 773
829 802
829 816
829 823
829 856
829 884
831 832
833 660
834 629
834 630
834 633
834 656
834 671
834 678
834 691
834 697
834 717
834 730
834 732
834 743
834 759
834 782
834 784
834 792
834 793
834 794
834 799
834 802
834 817
834 836
834 839
834 840
834 854
834 858
834 862
834 867
834 871
834 893
834 923
834 929
834 932
834 939
835 630
835 656
835 671
835 836
835 847
835 859
835 862
835 874
837 630
837 632
837 633
837 678
837 685
837 718
837 758
837 792
837 793
837 802
837 810
837 813
837 856
837 871
837 884
837 893
838 656
838 764
838 799
838 813
838 854
839 656
839 854
840 633
840 656
840 803
840 810
840 854
840 856
840 929
841 656
842 656
843 656
843 717
843 792
844 656
846 630
846 669
846 671
846 678
846 697
846 717
846 720
846 730
846 756
846 782
846 784
846 787
846 794
846 799
846 803
846 806
846 817
846 823
846 835
846 847
846 854
846 859
846 862
846 866
846 868
846 870
846 874
846 878
846 904
848 862
849 794
849 835
849 859
849 862
849 878
849 939
850 794
851 867
853 637
853 717
853 784
853 854
853 879
857 862
858 820
858 862
858 889
859 862
860 690
860 862
861 862
863 859
863 874
864 888
864 937
865 730
865 799
865 806
865 868
865 879
865 934
868 717
868 834
868 874
869 799
869 888
870 717
870 758
870 816
870 878
870 894
871 793
872 718
872 759
872 792
872 793
872 803
872 874
873 874
874 830
875 873
876 751
876 764
876 873
877 637
877 716
877 878
878 630
878 631
878 637
879 637
879 787
879 884
880 637
881 637
882 637
883 637
884 637
884 879
885 799
885 803
885 817
885 858
885 888
885 937
886 630
886 785
886 810
886 888
886 937
889 629
889 630
889 691
889 730
889 759
889 764
889 775
889 794
889 802
889 803
889 820
889 834
889 870
889 904
890 651
891 651
892 651
893 784
894 631
894 632
894 633
894 669
894 697
894 713
894 773
894 782
894 787
894 789
894 792
894 793
894 802
894 817
894 823
894 834
894 835
894 839
894 871
894 939
895 813
896 717
898 879
899 939
900 879
901 879
902 879
903 835
904 631
904 690
904 713
904 758
904 813
904 856
904 932
904 941
905 904
907 802
917 789
919 907
920 907
921 802
921 907
921 929
922 907
923 630
923 671
923 716
923 787
923 834
923 884
923 907
924 632
924 718
924 792
924 793
924 802
924 809
924 834
924 856
924 884
924 907
924 929
925 907
925 929
926 907
927 907
928 907
928 929
929 834
932 669
932 773
932 802
932 834
932 839
932 904
933 904
934 713
934 773
934 787
934 813
934 820
934 826
934 830
934 894
936 937
938 718
938 834
938 867
939 671
939 803
939 834
941 787
941 884
941 941
943 629
943 678
943 743
943 764
943 787
943 802
943 803
943 820
943 834
943 858
943 867
946 813
946 834
947 629
947 630
947 671
947 690
947 764
947 773
947 830
947 858
947 862
947 889
948 830
949 633
949 671
949 678
949 697
949 743
949 759
949 773
949 784
949 789
949 803
949 813
949 817
949 820
949 830
949 834
949 839
949 854
949 884
949 923
950 631
950 678
950 743
950 806
950 835
950 884
950 929
951 671
951 835
952 835
952 878
955 630
955 730
955 803
955 834
955 878
955 923
956 810
956 878
957 787
957 846
957 939
958 939
963 629
963 631
963 632
963 633
963 697
963 718
963 730
963 756
963 759
963 784
963 793
963 809
963 810
963 816
963 817
963 834
963 840
963 868
963 871
963 884
963 893
963 923
963 929
963 932
967 630
967 858
970 777
971 675
971 713
971 777
971 787
971 813
971 820
971 858
972 717
972 759
972 834
973 717
973 730
973 834
973 854
974 629
974 630
974 631
974 632
974 633
974 690
974 717
974 743
974 792
974 802
974 834
974 867
974 884
974 923
975 630
975 671
975 675
975 691
975 717
975 730
975 756
975 759
975 813
975 820
975 823
975 826
975 834
975 858
976 854
977 716
977 893
986 773
986 787
986 846
988 633
988 856
989 630
989 784
994 816
997 630
997 718
997 730
997 743
997 775
997 802
997 867
997 894
999 671
999 846
1001 846
1002 846
1003 773
1003 787
1004 633
1004 716
1004 787
1004 834
1005 787
1005 820
1005 823
1006 730
1006 743
1006 756
1006 758
1006 787
1006 840
1006 868
1006 932
1007 743
1007 787
1007 806
1008 669
1008 713
1008 773
1008 787
1008 789
1009 787
1010 787
1011 787
1011 894
1012 787
1013 787
1014 630
1014 631
1014 632
1014 633
1014 669
1014 701
1014 782
1014 784
1014 787
1014 793
1014 834
1014 839
1014 840
1014 870
1014 871
1014 884
1014 893
1014 929
1014 932
1014 941
1015 629
1015 630
1015 759
1015 787
1015 834
1015 867
1016 787
1017 787
1018 773
1018 787
1019 630
1019 787
1019 793
1019 871
1020 787
1024 633
1024 657
1024 669
1024 743
1024 758
1024 759
1024 871
1026 773
1027 773
1028 773
1029 773
1030 773
1031 773
1032 773
1033 631
1033 773
1033 834
1033 894
1034 773
1035 773
1036 691
1036 758
1036 773
1036 784
1037 773
1037 789
1037 820
1038 630
1038 773
1038 806
1038 941
1039 631
1039 730
1039 773
1039 775
1039 794
1039 803
1039 813
1039 834
1039 840
1039 871
1039 929
1040 773
1041 773
1043 730
1043 816
1043 820
1043 823
1044 826
1046 671
1047 671
1047 823
1047 894
1048 671
1048 789
1049 630
1049 633
1049 671
1049 803
1049 813
1049 834
1049 884
1049 923
1050 775
1053 720
1053 834
1053 858
1054 894
1055 894
1056 894
1057 894
1058 894
1059 657
1059 713
1059 789
1059 894
1059 904
1061 631
1062 823
1064 631
1064 782
1064 810
1064 834
1064 856
1064 929
1065 789
1072 713
1072 758
1072 803
1072 813
1072 820
1072 834
1072 941
1073 630
1073 639
1073 678
1073 691
1073 730
1073 743
1073 758
1073 794
1073 802
1073 803
1073 813
1073 820
1073 840
1073 858
1073 868
1073 889
1073 904
1075 792
1075 834
1075 867
1077 782
1077 784
1078 713
1078 834
1079 633
1079 713
1079 782
1080 630
1080 730
1080 820
1080 826
1081 730
1081 826
1081 834
1082 826
1083 675
1083 691
1083 730
1083 758
1083 803
1083 813
1083 826
1083 867
1086 678
1086 871
1087 630
1087 718
1087 802
1087 816
1087 820
1094 633
1094 669
1094 675
1094 678
1094 690
1094 691
1094 713
1094 716
1094 720
1094 794
1094 839
1094 858
1094 941
1095 678
1095 758
1104 756
1104 834
1106 802
1107 630
1107 632
1107 678
1107 758
1107 759
1107 792
1107 794
1107 802
1107 813
1107 816
1107 834
1107 854
1107 871
1107 929
1107 941
1110 792
1110 803
1110 834
1112 865
1118 802
1120 839
1120 932
1122 782
1122 813
1122 840
1122 923
1122 941
1126 834
1135 631
1135 691
1135 759
1135 793
1135 834
1135 840
1135 858
1135 871
1135 929
1135 938
1137 629
1137 631
1137 743
1137 756
1137 759
1137 775
1137 784
1137 806
1137 813
1137 834
1137 840
1137 929
1137 932
1137 938
1138 904
1138 932
1141 803
1142 678
1142 730
1142 743
1142 758
1142 803
1142 806
1142 813
1142 858
1142 868
1142 941
1145 630
1145 631
1145 716
1146 639
1147 904
1148 904
1149 716
1150 802
1152 630
1153 630
1153 633
1153 691
1153 701
1153 716
1153 751
1153 802
1153 809
1153 816
1153 858
1153 870
1153 884
1153 929
1153 941
1156 691
1156 730
1156 803
1156 858
1156 870
1157 782
1159 630
1159 730
1159 813
1159 816
1159 817
1159 834
1159 867
1159 941
1160 678
1160 764
1160 794
1160 834
1160 854
1163 630
1163 884
1165 631
1165 639
1165 678
1165 697
1165 743
1165 775
1165 782
1165 784
1165 794
1165 803
1165 817
1165 941
1169 630
1173 743
1173 803
1174 631
1174 697
1174 701
1174 720
1174 756
1174 782
1174 792
1174 793
1174 802
1174 817
1174 834
1174 856
1174 867
1174 871
1174 884
1174 932
1186 834
1193 941
1195 884
1195 932
1196 629
1199 691
1199 803
1200 691
1200 730
1200 743
1200 758
1204 633
1204 697
1204 732
1204 743
1204 756
1204 759
1204 782
1204 784
1204 817
1204 834
1204 840
1204 870
1204 929
1204 932
1204 938
1205 806
1211 806
1214 775
1214 820
1215 820
1216 629
1216 730
1216 756
1216 784
1216 792
1216 820
1216 834
1216 867
1216 929
1217 678
1217 834
1217 840
1218 813
1232 678
1237 803
1238 630
1238 633
1238 871
1240 884
1241 803
1241 889
1242 813
1243 630
1244 813
1245 630
1245 730
1245 743
1245 756
1245 792
1245 802
1245 813
1245 816
1246 720
1246 730
1246 758
1246 794
1246 803
1246 813
1246 870
1247 758
1248 631
1248 758
1248 759
1248 803
1248 834
1248 932
1249 758
1252 631
1252 751
1252 834
1252 840
1252 929
1254 759
1254 870
1254 871
1255 639
1255 678
1255 691
1255 730
1255 743
1255 803
1255 889
1259 631
1259 743
1259 756
1259 764
1259 775
1259 782
1259 870
1259 938
1260 834
1260 929
1262 631
1262 632
1262 691
1262 720
1262 730
1262 743
1262 782
1262 784
1262 794
1262 834
1262 840
1262 858
1262 868
1262 870
1262 871
1262 889
1262 929
1266 631
1266 632
1266 633
1266 690
1266 743
1266 759
1266 764
1266 792
1266 834
1266 840
1266 871
1266 923
1266 929
1267 639
1267 802
1270 718
1270 803
1270 923
1271 730
1271 792
1271 834
1271 840
1271 929
1275 782
1276 639
1276 816
1276 834
1276 868
1279 639
1279 730
1279 803
1279 868
1286 868
1287 856
1287 868
1288 730
1288 756
1288 784
1288 834
1288 840
1288 884
1288 923
1288 932
1289 630
1289 631
1289 730
1289 793
1289 834
1289 929
1292 631
1292 803
1292 840
1292 929
1293 756
1293 803
1302 630
1302 716
1303 756
1303 775
1303 784
1303 840
1303 929
1303 938
1305 639
1306 639
1307 630
1307 639
1307 718
1307 732
1307 802
1307 809
1307 834
1307 871
1307 929
1307 932
1308 743
1308 764
1308 810
1308 834
1308 923
1310 629
1310 630
1310 631
1310 632
1310 633
1310 690
1310 701
1310 716
1310 718
1310 743
1310 756
1310 759
1310 782
1310 784
1310 792
1310 793
1310 802
1310 816
1310 817
1310 834
1310 840
1310 856
1310 867
1310 870
1310 871
1310 884
1310 923
1310 929
1310 932
1311 867
1313 782
1313 810
1313 834
1313 854
1313 884
1316 678
1316 743
1316 756
1316 764
1316 784
1316 794
1316 834
1316 870
1316 923
1321 884
1324 632
1325 678
1325 834
1326 678
1326 784
1326 834
1326 923
1330 817
1330 867
1330 871
1338 834
1339 630
1339 632
1339 834
1339 923
1339 932
1341 759
1341 764
1341 782
1341 802
1341 867
1341 871
1341 923
1343 794
1344 720
1344 794
1347 834
1349 630
1349 631
1349 690
1349 743
1349 756
1349 764
1349 782
1349 784
1349 817
1349 834
1349 870
1349 929
1349 938
1355 720
1357 856
1360 720
1361 720
1362 629
1362 630
1362 631
1362 633
1362 697
1362 718
1362 743
1362 756
1362 759
1362 764
1362 784
1362 793
1362 802
1362 810
1362 817
1362 834
1362 840
1362 867
1362 870
1362 871
1362 884
1362 893
1362 923
1362 929
1362 932
1362 938
1367 631
1368 631
1368 697
1368 834
1368 840
1369 629
1369 631
1369 743
1369 759
1369 775
1369 782
1369 784
1369 792
1369 834
1369 840
1369 870
1369 929
1369 938
1370 775
1375 697
1375 792
1375 793
1375 834
1375 867
1375 871
1375 884
1375 932
1376 870
1377 743
1377 834
1377 854
1377 884
1386 663
1387 663
1390 929
1391 782
1392 871
1395 630
1395 884
1401 743
1412 816
1412 862
1413 716
1413 938
1417 884
1420 764
1420 938
1421 764
1437 690
1437 782
1438 867
1440 809
1440 884
1442 782
1442 834
1446 630
1446 834
1449 630
1449 759
1449 784
1449 834
1450 867
1450 871
1453 633
1453 792
1455 834
1462 834
1464 756
1465 630
1465 782
1465 834
1467 867
1468 782
1470 782
1475 938
1476 630
1476 834
1477 756
1479 632
1479 759
1486 782
1493 716
1493 718
1493 756
1493 923
1494 929
1497 630
1499 631
1499 759
1499 784
1499 792
1499 810
1499 840
1499 856
1499 893
1499 929
1500 834
1505 840
1509 793
1509 856
1510 630
1510 784
1510 834
1510 923
1512 633
1512 834
1513 631
1513 632
1513 697
1513 784
1513 802
1513 834
1513 867
1513 929
1513 932
1519 840
1520 840
1521 629
1521 632
1521 793
1521 816
1521 871
1521 929
1522 929
1523 929
1529 834
1529 870
1531 856
1537 834
1537 932
1539 630
1539 718
1539 816
1539 834
1544 630
1544 633
1544 792
1544 834
1544 884
1544 923
1544 932
1547 718
1547 867
1547 923
1549 690
1550 630
1550 716
1550 834
1553 630
1553 792
1553 834
1553 923
1556 631
1556 633
1556 782
1556 871
1567 802
1567 816
1567 871
1568 718
1568 759
1568 802
1569 697
1569 834
1570 629
1570 632
1570 690
1570 697
1570 759
1570 784
1570 834
1575 629
1575 802
1575 834
1576 697
1578 932
1589 632
1589 697
1589 817
1593 782
1597 932
1600 782
1601 782
1602 782
1604 633
1604 716
1604 923
1606 631
1607 632
1607 834
1607 867
1610 630
1610 834
1610 884
1610 923
1615 697
1615 793
1615 871
1616 631
1625 834
1634 632
1635 632
1635 633
1635 697
1635 718
1635 759
1635 784
1635 792
1635 793
1635 802
1635 817
1635 893
1638 792
1638 923
1641 816
1641 817
1641 932
1669 834
1671 633
1672 784
1672 834
1673 784
1674 732
1674 816
1678 690
1678 816
1681 816
1682 718
1682 834
1682 856
1682 867
1682 871
1682 932
1684 630
1685 793
1685 834
1690 630
1690 792
1690 802
1690 834
1691 629
1691 759
1691 834
1696 633
1696 834
1696 884
1697 632
1697 784
1698 792
1702 629
1702 632
1702 697
1702 732
1702 784
1702 793
1702 810
1702 817
1702 856
1702 867
1702 871
1702 893
1702 923
1702 932
1704 632
1705 630
1710 792
1738 867
1746 792
1746 810
1746 834
1746 923
1755 633
1756 629
1756 632
1756 697
1756 732
1756 784
1756 792
1756 793
1756 802
1756 817
1756 834
1756 867
1756 871
1756 893
1756 932
1757 784
1759 802
1759 834
1759 932
1763 884
1766 718
1766 732
1766 792
1766 793
1766 802
1766 834
1766 856
1766 867
1766 871
1766 884
1766 923
1775 810
1775 856
1775 884
1775 932
1783 834
1783 884
1783 923
1787 834
1787 856
1790 690
1790 834
1791 871
1797 630
1804 834
1804 884
1805 632
1805 633
1805 810
1805 834
1805 856
1805 884
1805 923
1806 633
1807 632
1807 633
1807 817
1807 834
1807 884
1810 834
1811 834
1812 632
1812 834
1813 820
1813 834
1814 834
1815 834
1816 834
1817 633
1817 718
1817 792
1817 793
1817 802
1817 810
1817 834
1817 856
1817 867
1817 871
1817 884
1817 923
1818 834
1819 630
1819 690
1819 834
1827 793
1827 816
1831 817
1836 792
1836 871
1836 893
1840 629
1841 629
1841 732
1845 792
1845 867
1845 871
1848 732
1848 810
1848 932
1851 732
1860 932
1861 932
1862 932
1863 932
1864 932
1865 932
1867 867
1870 718
1876 817
1877 817
1879 923
1880 816
1881 893
1888 690
1895 632
1895 716
1895 884
1896 856
1901 810
1901 856
1903 718
1903 802
1903 810
1903 871
1903 923
1904 690
1906 630
1906 632
1906 716
1906 792
1906 893
1907 630
1907 816
1910 716
1910 793
1910 816
1910 856
1910 862
1910 867
1911 923
1917 792
1919 716
1919 893
1920 690
1922 792
1923 718
1923 792
1923 793
1923 802
1923 867
1924 633
1924 692
1924 792
1924 810
1924 884
1925 633
1925 856
1926 630
1926 862
1928 884
1933 802
1933 867
1935 716
1935 718
1935 793
1935 856
1936 751
1936 862
1944 871
1948 690
1948 692
1948 816
1948 926
1955 690
1957 716
1963 884
1971 867
1972 802
1975 630
1975 690
1975 692
1975 816
1975 867
1975 926
1976 633
1976 690
1976 718
1976 793
1976 802
1976 810
1976 816
1976 856
1976 871
1976 884
1976 923
1980 810
1980 856
1980 884
1994 860
1998 867
1999 867
2000 867
2002 690
2002 816
2003 793
2003 871
2008 871
2009 630
2009 871
2010 716
2010 871
2011 923
2012 923
2013 923
2014 751
2014 862
2016 716
2016 802
2020 630
2020 633
2020 856
2020 884
2023 630
2037 810
2037 816
2048 690
2048 816
2052 630
2052 856
2058 718
2092 633
2092 716
2092 884
2093 633
2093 716
2093 884
2094 630
2094 633
2094 884
2104 630
2104 633
2104 690
2104 716
2104 816
2106 690
2116 856
2118 630
2118 690
2121 633
2124 633
2125 856
2137 810
2144 630
2144 816
2145 633
2149 810
2150 630
2152 630
2153 633
2156 633
2158 633
2160 633
2160 816
2161 690
2161 716
2161 862
2165 816
2166 630
2166 633
2166 690
2166 701
2166 716
2166 809
2166 816
2166 862
2166 926
2170 884
2177 633
2177 816
2179 633
2191 633
2191 884
2192 716
2192 816
2194 633
2197 630
2203 633
2207 633
2212 633
2213 716
2213 816
2214 690
2233 633
2233 884
2238 630
2238 690
2238 716
2238 816
2239 690
2240 690
2241 630
2242 816
2243 630
2243 809
2245 630
2245 690
2245 716
2256 884
2258 690
2258 716
2261 701
2262 751
2267 690
2267 716
2267 751
2269 690
2269 716
2269 816
2269 820
2271 716
2274 716
2274 751
2277 630
2277 716
2278 816
2281 690
2281 816
2281 926
2287 690
2287 716
2290 690
2290 820
2290 926
2295 633
2297 884
2298 884
2299 884
2300 884
2301 884
2308 716
2311 633
2313 751
2314 690
2315 926
2321 633
2327 630
2327 633
2351 630
2351 692
2351 716
2351 816
2353 633
2360 633
2374 630
2374 633
2374 716
2376 633
2377 633
2388 690
2388 820
2397 809
2403 630
2403 690
2412 630
2412 690
2421 716
2435 816
2467 690
2473 630
2483 862
2488 690
2488 716
2491 630
2491 690
2491 816
2492 630
2495 690
2495 751
2497 630
2501 716
2517 816
2518 690
2524 816
2525 630
2525 716
2526 751
2527 816
2528 690
2528 816
2538 716
2543 690
2543 716
2543 816
2545 630
2545 690
2548 816
2549 630
2549 716
2549 809
2571 701
2575 716
2595 862
2602 716
2625 716
2643 816
2654 716
2662 630
2662 690
2681 690
2683 716
2686 690
2687 860
2692 716
2698 862
2708 716
2721 690
2726 692
2752 701
2773 690
2780 630
2781 690
2799 630
2799 690
2799 816
2815 630
2815 751
2816 816
2823 816
2830 690
2830 692
2845 630
2854 690
2854 816
2855 630
2859 751
2862 751
2864 690
2868 751
2879 690
2880 690
2880 816
2890 690
2900 751
2914 690
2932 630
2932 690
2950 690
2950 816
2956 690
2956 692
2980 862
2984 816
2985 816
2986 630
2986 816
2991 751
2991 926
2992 690
2999 690
3003 630
3011 630
3013 690
3014 701
3014 751
3016 690
3017 690
3019 645
3025 690
3029 690
3029 820
3030 630
3031 690
3048 692
3075 690
3076 630
3077 690
3081 630
3125 690
3126 630
3132 690
3144 690
3145 751
3146 690
3165 630
3251 690
3259 630
3272 751
3282 860
3300 690
3301 690
3303 690
3304 809
3306 690
3325 690
3325 751
3332 630
3333 690
3333 751
3336 630
3336 712
3348 690
3349 690
3350 690
3351 690
3352 690
3352 862
3370 630
3387 630
3387 862
3442 630
3442 860
3445 630
3529 860
3530 630
3532 809
3552 630
3579 630
3582 701
3592 630
3596 701
3600 809
3607 630
3613 701
3639 630
3641 630
3642 630
3643 630
3644 630
3662 751
3706 862
3731 809
3755 701
3792 809
3797 751
3797 809
3840 751
3867 809
3882 751
3974 809
3986 701
3986 751
3993 860
4013 701
4028 903
4039 701
4088 862
4098 809
4106 751
4138 701
4138 785
4145 751
4147 751
4150 809
4202 701
4202 751
4207 751
4304 751
4323 751
4334 809
4335 809
4361 701
4396 701
4396 809
4402 701
4402 751
4465 751
4477 751
4513 862
4515 809
4526 751
4565 701
4575 751
4580 751
4580 862
4584 701
4586 809
4595 701
4603 751
4603 903
4640 751
4667 809
4679 751
4681 751
4685 751
4703 751
4725 751
4726 751
4727 751
4728 751
4839 809
4882 701
4892 701
4969 701
4980 809
5031 809
5032 809
5051 701
5088 701
5112 701
5113 809
5137 862
5138 809
5158 701
5162 809
5218 809
5220 809
5221 862
5269 701
5273 701
5351 701
5351 809
5357 701
5383 809
5401 701
5404 701
5405 809
5454 809
5460 701
5460 809
5463 809
5470 701
5517 809
5587 809
5592 862
5627 862
5653 809
5673 862
5791 809
5835 809
5888 809
5909 809
5974 809
