0 6249
3 6248
4 6253
5 6250
8 6252
8 6253
8 6256
8 6257
8 6259
9 6253
11 6251
11 6253
12 5978
12 6253
22 6248
23 6248
25 6248
25 6250
25 6251
26 6260
28 6253
33 6007
33 6180
33 6248
39 6253
41 6261
43 6253
44 6205
44 6248
44 6260
53 6253
53 6256
55 6221
63 6047
65 6098
65 6253
67 6090
67 6153
69 6256
74 6253
77 6253
78 6257
79 6161
79 6180
79 6205
79 6253
81 6253
88 6221
90 6253
96 6253
97 6249
98 6007
98 6019
98 6047
98 6090
98 6221
99 5970
101 6258
103 6249
104 6259
104 6260
105 6249
106 6249
106 6253
108 6182
108 6259
125 6253
127 6248
128 6021
137 6019
137 6047
137 6122
137 6156
137 6161
137 6171
137 6260
142 6257
142 6259
143 6256
143 6257
159 6249
174 6256
174 6257
194 6150
231 6122
256 6122
256 6256
256 6261
264 6008
264 6087
264 6150
264 6171
280 6253
283 6047
296 6253
304 6253
306 6253
307 6253
332 5993
332 6171
361 6259
361 6261
362 6253
368 5970
368 6047
376 6250
382 6064
385 6253
388 5968
388 6008
388 6019
388 6036
388 6047
388 6049
388 6059
388 6087
388 6091
388 6098
388 6150
388 6156
388 6161
388 6180
388 6197
388 6203
388 6205
388 6210
388 6213
388 6214
388 6228
388 6256
388 6257
388 6258
388 6259
388 6261
393 6250
396 6250
406 6253
428 6253
429 6253
430 6253
442 6256
442 6257
448 6008
475 6036
475 6047
475 6064
475 6087
494 6010
494 6090
494 6180
494 6205
494 6210
512 6255
534 5970
572 6258
574 6091
585 6255
610 6021
610 6047
610 6049
610 6098
610 6171
610 6174
610 6191
610 6205
620 6064
631 5970
634 5968
634 5970
634 5978
634 5984
634 5985
634 5993
634 6007
634 6008
634 6010
634 6021
634 6036
634 6047
634 6049
634 6059
634 6087
634 6090
634 6115
634 6259
634 6260
637 6182
651 6203
651 6256
657 5998
657 6008
671 5970
678 6259
678 6260
690 6259
691 6256
714 5993
714 6180
714 6191
751 6047
773 6256
787 6257
796 6059
809 6087
809 6090
809 6091
810 5993
810 6180
816 6260
824 6254
827 6256
829 6007
829 6008
829 6087
829 6090
829 6098
829 6115
829 6122
829 6150
829 6151
829 6152
829 6153
829 6154
829 6161
829 6171
829 6174
829 6180
829 6191
829 6197
829 6203
829 6205
829 6210
829 6221
829 6259
834 6047
834 6256
837 6256
837 6257
837 6258
886 5993
886 6180
886 6191
889 6008
889 6260
894 6257
895 6007
924 5984
924 6174
924 6256
924 6257
947 5993
947 6008
947 6072
947 6098
947 6156
963 5970
963 5978
963 5984
963 5985
963 5993
963 6008
963 6010
963 6021
963 6036
963 6047
963 6256
963 6257
963 6258
974 6007
974 6256
974 6261
985 6191
988 6256
1004 5984
1006 6256
1006 6257
1011 6261
1014 6258
1015 6256
1015 6260
1059 6259
1094 6258
1094 6259
1107 6256
1107 6257
1135 6256
1135 6257
1137 6256
1153 5968
1153 5970
1153 5978
1153 5984
1153 5985
1153 5993
1153 6007
1153 6008
1153 6010
1153 6059
1153 6064
1153 6072
1153 6087
1153 6122
1153 6150
1153 6151
1153 6153
1153 6171
1153 6174
1153 6180
1153 6191
1153 6197
1153 6260
1164 5993
1164 6064
1164 6072
1174 6259
1195 6259
1204 6256
1248 5993
1252 6256
1259 6256
1259 6259
1262 6256
1266 5993
1266 6256
1266 6257
1276 6156
1288 6257
1295 6182
1303 6256
1304 6010
1307 5970
1307 6021
1307 6036
1307 6256
1308 6256
1310 6259
1316 6256
1324 6256
1325 5970
1337 6258
1342 6260
1349 6256
1362 5985
1362 6257
1362 6259
1362 6260
1366 6091
1366 6205
1367 6256
1375 6150
1375 6256
1377 6256
1380 6256
1395 6256
1409 5978
1412 6259
1417 6197
1420 6256
1437 6180
1440 5970
1440 5978
1449 6256
1450 6036
1465 6122
1465 6258
1465 6261
1468 5968
1475 6256
1479 6047
1490 6257
1492 5993
1492 6036
1493 6256
1493 6259
1500 6256
1509 6256
1513 6256
1513 6257
1513 6259
1521 6256
1526 5978
1536 6007
1537 6257
1539 6256
1544 6256
1544 6257
1547 6008
1550 6191
1550 6210
1550 6213
1550 6221
1551 6256
1553 6258
1564 6259
1570 6256
1570 6259
1570 6260
1580 6256
1615 6221
1615 6256
1615 6259
1635 6257
1638 6259
1647 6205
1673 6047
1674 6256
1678 6259
1678 6260
1682 6257
1687 6047
1690 6256
1695 6260
1702 6256
1704 6090
1704 6150
1704 6256
1705 5968
1705 6191
1705 6203
1711 6036
1711 6064
1756 6256
1756 6257
1759 6256
1766 6256
1766 6257
1783 6059
1788 6256
1797 5993
1805 6256
1807 6256
1813 6259
1813 6260
1817 6256
1817 6257
1819 6007
1826 6260
1827 6019
1827 6256
1834 6257
1836 6256
1845 6256
1845 6257
1845 6258
1850 6257
1869 5993
1893 6260
1896 5993
1896 6019
1896 6047
1896 6174
1904 6259
1906 6257
1907 6259
1910 6064
1910 6122
1910 6174
1910 6256
1910 6257
1910 6259
1910 6260
1924 6257
1924 6259
1924 6260
1926 6036
1926 6122
1926 6197
1937 6257
1941 6256
1948 6259
1955 6203
1955 6259
1957 6122
1957 6180
1957 6191
1957 6260
1966 6259
1975 6259
1975 6260
1976 6257
1976 6259
1976 6260
1994 6049
2003 6256
2010 6072
2014 5968
2014 5970
2014 5978
2014 6007
2014 6072
2014 6122
2014 6205
2014 6213
2025 6047
2027 6036
2027 6259
2037 6259
2047 6008
2048 6259
2048 6260
2065 6007
2065 6021
2077 6091
2077 6180
2081 6010
2092 6257
2092 6259
2093 6257
2104 5970
2104 5993
2104 6021
2104 6047
2104 6049
2104 6171
2104 6180
2104 6191
2104 6205
2116 6182
2118 6007
2118 6180
2120 5968
2120 6059
2130 6153
2130 6261
2137 5993
2143 6259
2144 6259
2153 6257
2158 6256
2158 6258
2160 6260
2161 6049
2166 5968
2166 5970
2166 5978
2166 5984
2166 5985
2166 5993
2166 6007
2166 6008
2166 6010
2166 6019
2166 6021
2166 6036
2166 6047
2166 6049
2166 6059
2166 6064
2166 6087
2166 6090
2166 6091
2166 6098
2166 6115
2166 6122
2166 6150
2166 6151
2166 6152
2166 6153
2166 6161
2166 6171
2166 6174
2166 6180
2166 6182
2166 6191
2166 6197
2166 6203
2166 6205
2166 6210
2166 6221
2166 6258
2166 6259
2167 6258
2168 6258
2177 5978
2177 5985
2177 6259
2177 6261
2186 6259
2186 6260
2191 6258
2207 6259
2213 6259
2213 6260
2217 6259
2233 6259
2238 6259
2238 6260
2239 6260
2243 5968
2243 5970
2243 5978
2243 5984
2243 5985
2243 5993
2243 6008
2243 6010
2243 6021
2243 6036
2243 6047
2243 6049
2243 6059
2243 6087
2243 6090
2243 6091
2243 6156
2243 6171
2243 6174
2243 6203
2243 6205
2243 6210
2243 6221
2267 6259
2267 6261
2269 6259
2269 6260
2270 5980
2270 6008
2270 6047
2272 6259
2274 6261
2275 5970
2276 6260
2281 6260
2284 6259
2290 6259
2290 6260
2295 6259
2327 6049
2351 6259
2352 6259
2380 6007
2380 6008
2380 6010
2384 6258
2388 6259
2388 6260
2397 5978
2397 6010
2397 6205
2403 6260
2412 6260
2413 6259
2413 6260
2443 6260
2455 6182
2468 6161
2473 6259
2488 6259
2491 6259
2491 6260
2492 6007
2495 6261
2497 6259
2504 6261
2506 6098
2506 6174
2506 6191
2506 6205
2506 6213
2506 6221
2528 6259
2528 6260
2538 6259
2539 5993
2545 6260
2549 6122
2562 6259
2569 6259
2571 5993
2571 6059
2571 6180
2581 6259
2591 6259
2591 6260
2595 5984
2595 6180
2595 6191
2595 6221
2639 6090
2639 6098
2639 6152
2639 6156
2639 6182
2639 6191
2639 6203
2639 6205
2639 6210
2639 6221
2639 6228
2654 6259
2662 6259
2692 6259
2695 6259
2698 5970
2704 6259
2705 6259
2707 6180
2741 6259
2750 6259
2750 6261
2752 6007
2754 5968
2754 6008
2754 6047
2754 6087
2754 6091
2754 6115
2754 6122
2754 6151
2754 6259
2761 6259
2766 6098
2766 6205
2795 6091
2802 6091
2817 6090
2817 6098
2817 6203
2817 6210
2818 6122
2818 6151
2818 6156
2829 6036
2830 6260
2844 6259
2845 6259
2846 6259
2854 6261
2857 6047
2857 6261
2859 6261
2863 6007
2863 6090
2863 6153
2864 6259
2864 6260
2866 6180
2866 6191
2866 6261
2868 6047
2870 5984
2870 6007
2880 6259
2885 6260
2896 6259
2900 5985
2900 6047
2900 6091
2900 6122
2900 6182
2911 6260
2936 5993
2950 6260
2956 6260
2958 6007
2968 6047
2968 6059
2968 6090
2968 6098
2968 6150
2968 6153
2968 6261
2971 6260
2992 6260
3003 6261
3006 6049
3006 6161
3013 6260
3014 6261
3017 6260
3029 6259
3030 6260
3035 6091
3070 6260
3075 6260
3081 6010
3081 6260
3095 6087
3095 6261
3096 6007
3096 6115
3096 6191
3112 6036
3116 6260
3125 6156
3126 6007
3126 6122
3126 6151
3126 6152
3126 6156
3126 6161
3126 6210
3126 6213
3126 6221
3126 6261
3143 6090
3144 6090
3144 6259
3145 6260
3146 6259
3213 6259
3214 6047
3216 6260
3239 6260
3245 6007
3251 6047
3251 6156
3251 6174
3251 6180
3251 6203
3251 6221
3251 6260
3260 6260
3266 6007
3270 6259
3276 6259
3280 6260
3294 6259
3295 6259
3300 5968
3300 6087
3300 6090
3300 6115
3300 6153
3304 5978
3304 6098
3304 6180
3304 6191
3304 6205
3304 6210
3304 6260
3309 6261
3310 5993
3317 6260
3341 6260
3360 6174
3383 6174
3383 6180
3383 6191
3394 5970
3399 5978
3399 6010
3419 6007
3444 6261
3445 6019
3500 6021
3500 6047
3523 6007
3532 5984
3532 6007
3532 6021
3532 6036
3532 6047
3532 6059
3532 6064
3532 6090
3532 6150
3532 6153
3532 6174
3532 6180
3532 6205
3536 6008
3536 6047
3538 6261
3570 6115
3575 5993
3575 6019
3591 6205
3600 5970
3600 5984
3600 5985
3600 6010
3600 6021
3600 6098
3600 6180
3600 6191
3600 6203
3600 6205
3600 6210
3600 6221
3606 5970
3606 6010
3610 5970
3633 6007
3637 5970
3637 5993
3637 6047
3637 6090
3637 6153
3637 6171
3637 6180
3637 6203
3637 6261
3641 6007
3664 5970
3664 6047
3664 6180
3666 5984
3676 6261
3731 5978
3731 5985
3731 6007
3731 6010
3731 6047
3731 6115
3731 6151
3731 6171
3731 6180
3731 6191
3731 6203
3731 6221
3731 6261
3750 5985
3755 5968
3755 6007
3755 6010
3755 6047
3755 6064
3755 6072
3755 6090
3755 6091
3755 6115
3755 6122
3763 6205
3789 5978
3789 5993
3789 6010
3789 6047
3789 6059
3797 6047
3830 6007
3833 6171
3834 6180
3843 5984
3845 5984
3845 6008
3845 6010
3846 5984
3849 6007
3849 6036
3852 5968
3852 6064
3852 6261
3878 6090
3882 6059
3882 6261
3883 6036
3926 5985
3933 5968
3933 5993
3933 6090
3933 6091
3933 6153
3957 6180
3970 6047
3970 6150
3970 6153
3970 6156
3970 6191
3974 5968
3974 5970
3974 5978
3974 5985
3974 5993
3974 6019
3974 6049
3974 6059
3974 6087
3974 6090
3974 6091
3974 6098
3974 6151
3974 6152
3974 6153
3974 6171
3974 6174
3974 6191
3974 6203
3974 6205
3974 6210
3974 6221
3983 6007
3986 6021
3986 6261
3998 6261
3999 5970
3999 5984
3999 5985
3999 6007
3999 6047
4001 5968
4001 5970
4023 5993
4028 6261
4031 6007
4031 6115
4031 6122
4031 6152
4038 5978
4038 6007
4049 5970
4049 5993
4049 6059
4051 5978
4051 5993
4051 6007
4051 6180
4056 6180
4062 6007
4062 6152
4070 6019
4070 6072
4070 6213
4070 6247
4070 6261
4085 6008
4085 6203
4090 6007
4090 6161
4090 6171
4090 6205
4091 5970
4091 5993
4091 6010
4091 6064
4091 6072
4091 6098
4091 6122
4091 6151
4091 6153
4091 6171
4091 6174
4091 6180
4091 6182
4091 6191
4091 6205
4091 6210
4091 6213
4094 6175
4094 6205
4098 6007
4106 5968
4135 6007
4135 6047
4135 6049
4137 5978
4138 6019
4138 6036
4138 6098
4138 6153
4138 6156
4138 6180
4138 6182
4138 6197
4138 6201
4138 6203
4138 6213
4141 6261
4142 6008
4142 6261
4143 6008
4144 6091
4144 6122
4144 6152
4144 6156
4144 6161
4144 6261
4150 6153
4150 6210
4150 6221
4153 6047
4153 6059
4153 6191
4153 6261
4154 6203
4154 6213
4155 6261
4159 6261
4184 6008
4187 5970
4190 6098
4192 6261
4202 5993
4233 6261
4244 6174
4250 6261
4261 6047
4262 6180
4262 6203
4288 6090
4288 6091
4288 6203
4288 6210
4288 6221
4323 6261
4334 5968
4334 6021
4335 6036
4335 6180
4339 6261
4340 6007
4340 6008
4343 6261
4352 6047
4359 6156
4361 6205
4368 5993
4383 6197
4396 5968
4396 5970
4396 5978
4396 5984
4396 5985
4396 5993
4396 6007
4396 6008
4396 6019
4396 6021
4396 6047
4396 6059
4396 6064
4396 6087
4396 6090
4396 6091
4396 6150
4396 6151
4396 6152
4396 6153
4396 6156
4396 6161
4396 6171
4396 6174
4396 6175
4396 6180
4396 6182
4396 6191
4396 6203
4396 6210
4396 6213
4396 6261
4401 5968
4401 5993
4401 6007
4401 6021
4401 6174
4402 6261
4404 6261
4411 6047
4411 6059
4416 6007
4416 6087
4417 6019
4419 6007
4419 6049
4419 6059
4419 6150
4419 6152
4419 6156
4424 5985
4440 5984
4451 5970
4451 6007
4458 6047
4460 6007
4465 6261
4477 6261
4484 6150
4484 6228
4495 6152
4495 6153
4508 6261
4512 6261
4513 6007
4513 6150
4513 6152
4520 6090
4538 6171
4538 6174
4538 6191
4540 6213
4560 6261
4563 6182
4565 5993
4565 6019
4567 5970
4567 5978
4567 5980
4567 5985
4567 5993
4567 6010
4567 6021
4567 6059
4567 6064
4567 6151
4568 6261
4580 5978
4580 6007
4580 6047
4580 6150
4584 5985
4584 6059
4584 6064
4584 6090
4584 6122
4584 6150
4584 6151
4584 6152
4584 6156
4584 6171
4584 6174
4584 6191
4584 6210
4584 6228
4586 5968
4586 5970
4586 5984
4586 5985
4586 5993
4586 6007
4586 6021
4586 6036
4586 6047
4586 6049
4586 6059
4586 6087
4586 6090
4586 6091
4586 6098
4586 6152
4586 6153
4586 6171
4586 6174
4586 6180
4586 6191
4586 6203
4586 6205
4586 6210
4588 5970
4588 5980
4590 5985
4590 6072
4590 6115
4590 6153
4590 6213
4595 6261
4596 6261
4598 5968
4598 6047
4598 6156
4598 6191
4598 6261
4599 6072
4603 6007
4603 6087
4603 6150
4604 6016
4606 6010
4606 6261
4611 6261
4616 6261
4631 6007
4631 6047
4631 6171
4631 6205
4632 6090
4632 6161
4635 6261
4640 6261
4641 6007
4641 6171
4641 6180
4641 6191
4641 6205
4665 6153
4667 5970
4667 5978
4667 5985
4667 5993
4667 6008
4667 6010
4670 6090
4670 6156
4672 5968
4676 5985
4676 6098
4676 6153
4679 6261
4687 5993
4687 6180
4687 6191
4695 6036
4702 6210
4711 6047
4711 6182
4726 5978
4726 5993
4726 6019
4726 6047
4726 6174
4727 6059
4728 6152
4728 6156
4728 6246
4732 6059
4732 6203
4732 6213
4735 5993
4737 5993
4738 6156
4738 6180
4749 5993
4752 6007
4752 6090
4752 6150
4752 6191
4760 6047
4760 6087
4760 6180
4782 5984
4782 6021
4786 5993
4786 6007
4786 6019
4786 6021
4786 6036
4786 6059
4786 6064
4786 6087
4786 6090
4786 6091
4786 6115
4786 6122
4786 6151
4786 6153
4786 6161
4786 6171
4786 6174
4786 6205
4786 6213
4835 6156
4882 6008
4882 6047
4882 6150
4890 6205
4892 6036
4892 6205
4898 6007
4898 6047
4898 6090
4898 6098
4898 6205
4898 6210
4918 6261
4919 6261
4920 5985
4920 6007
4920 6019
4920 6098
4920 6115
4920 6261
4921 6261
4922 6064
4938 5968
4938 6049
4938 6087
4938 6091
4938 6153
4938 6161
4938 6210
4943 6072
4946 6059
4946 6174
4954 6156
4956 6049
4962 5970
4962 6010
4962 6059
4962 6180
4962 6191
4968 6047
4971 6161
4990 6115
5016 5993
5016 6019
5016 6156
5016 6213
5018 6010
5018 6021
5029 6171
5031 5967
5031 6008
5031 6010
5031 6016
5031 6019
5031 6040
5031 6066
5031 6067
5031 6079
5031 6090
5049 5993
5049 6180
5049 6191
5059 5978
5059 5993
5059 6059
5059 6180
5066 5984
5066 6047
5066 6156
5066 6180
5074 6156
5087 6008
5087 6064
5087 6182
5097 5984
5099 6161
5106 6021
5108 6150
5112 6191
5114 6021
5117 6007
5138 5970
5138 5978
5138 5984
5138 5985
5138 5993
5138 6007
5138 6008
5138 6010
5138 6016
5138 6036
5138 6047
5138 6049
5138 6059
5138 6098
5138 6115
5138 6122
5138 6150
5138 6151
5138 6152
5138 6153
5138 6171
5138 6174
5138 6180
5138 6191
5138 6203
5138 6205
5138 6210
5138 6221
5158 6047
5158 6150
5162 5968
5162 5970
5162 5978
5162 5985
5162 5993
5162 6007
5162 6008
5162 6010
5162 6021
5162 6036
5162 6087
5162 6090
5162 6091
5162 6150
5162 6151
5162 6152
5162 6153
5165 6182
5170 6090
5170 6171
5187 6047
5187 6153
5206 6021
5206 6059
5249 6150
5253 6098
5253 6213
5257 6047
5259 5970
5265 5993
5269 6064
5280 6180
5317 6090
5317 6153
5318 6087
5318 6171
5325 6059
5330 6049
5330 6174
5330 6180
5330 6205
5337 6174
5337 6228
5339 6016
5346 6047
5346 6150
5346 6156
5348 6115
5348 6150
5351 5968
5351 5980
5351 5984
5351 5985
5351 6007
5351 6010
5351 6019
5351 6047
5351 6049
5351 6064
5351 6090
5351 6091
5351 6122
5351 6150
5351 6151
5351 6153
5351 6156
5351 6161
5351 6171
5351 6174
5351 6180
5351 6182
5351 6191
5351 6203
5351 6210
5351 6221
5358 5970
5358 5993
5358 6021
5358 6156
5360 6153
5360 6174
5360 6210
5360 6219
5362 6021
5362 6049
5362 6059
5366 6021
5366 6180
5366 6221
5375 6064
5380 6064
5380 6150
5380 6153
5383 6072
5383 6087
5383 6090
5383 6228
5397 5978
5397 5993
5397 6007
5405 5970
5405 5978
5405 5984
5405 5985
5405 5993
5405 6008
5405 6010
5405 6021
5405 6036
5405 6047
5424 6008
5424 6047
5431 5970
5433 6150
5433 6163
5438 6049
5438 6122
5452 6210
5454 5985
5456 5968
5456 5970
5456 5978
5456 5980
5456 5984
5456 5985
5456 5993
5456 6007
5456 6010
5456 6019
5456 6021
5456 6036
5456 6047
5456 6049
5456 6059
5456 6064
5456 6072
5456 6087
5456 6090
5456 6091
5456 6098
5456 6115
5456 6150
5456 6151
5456 6152
5456 6153
5456 6156
5456 6161
5456 6171
5456 6174
5456 6180
5456 6182
5456 6191
5456 6197
5456 6203
5456 6205
5456 6221
5456 6238
5456 6247
5458 5970
5458 5978
5460 5970
5460 5978
5460 5984
5460 5993
5460 6008
5460 6010
5460 6021
5460 6036
5460 6047
5460 6171
5460 6174
5460 6191
5461 6156
5461 6213
5463 5978
5463 5985
5463 6008
5463 6036
5463 6049
5463 6059
5463 6064
5463 6098
5463 6180
5463 6191
5464 6059
5464 6203
5465 6007
5465 6019
5465 6047
5465 6049
5465 6098
5465 6150
5465 6156
5465 6174
5465 6203
5465 6213
5465 6221
5470 6047
5477 5978
5477 5984
5477 5985
5477 6019
5477 6021
5477 6049
5477 6171
5477 6174
5477 6180
5481 5968
5481 5985
5481 6007
5481 6008
5481 6010
5481 6019
5481 6036
5481 6049
5481 6059
5481 6064
5481 6087
5481 6090
5481 6091
5481 6098
5481 6115
5481 6122
5481 6150
5481 6152
5481 6153
5481 6156
5481 6161
5481 6171
5481 6174
5481 6180
5481 6191
5481 6197
5481 6203
5481 6205
5481 6210
5481 6213
5481 6221
5485 5993
5485 6047
5485 6150
5485 6174
5501 6047
5517 5978
5517 6008
5518 6047
5518 6150
5531 6156
5561 6180
5565 6210
5581 6191
5583 6008
5587 5970
5587 5978
5587 5984
5587 5985
5587 5993
5589 5968
5589 6064
5589 6122
5589 6150
5589 6156
5589 6180
5589 6191
5593 6098
5593 6191
5593 6197
5594 6205
5602 5978
5602 6010
5615 6150
5617 6008
5617 6171
5617 6191
5618 6007
5618 6008
5618 6047
5618 6049
5618 6072
5618 6090
5618 6150
5618 6152
5618 6161
5618 6180
5618 6203
5627 6150
5633 5978
5633 5993
5633 6007
5633 6059
5647 6246
5652 6021
5652 6156
5657 6213
5663 6180
5663 6210
5672 6007
5672 6098
5672 6152
5672 6197
5678 5985
5681 6047
5682 5970
5682 6019
5682 6049
5682 6064
5682 6098
5682 6151
5682 6180
5682 6191
5682 6197
5682 6203
5682 6205
5682 6228
5684 6221
5692 6021
5692 6171
5703 6059
5703 6171
5703 6191
5706 6007
5710 6174
5712 5985
5712 6191
5717 6059
5717 6090
5717 6115
5717 6180
5717 6210
5733 6036
5733 6049
5734 6182
5745 6064
5745 6082
5745 6122
5745 6153
5759 6091
5777 6019
5785 5968
5785 6007
5785 6090
5785 6091
5785 6098
5785 6115
5785 6150
5785 6152
5785 6153
5785 6174
5785 6210
5791 6007
5791 6151
5791 6171
5791 6180
5797 6161
5802 5970
5802 5993
5809 5984
5818 6019
5830 6049
5842 6150
5847 6059
5847 6191
5847 6205
5848 6182
5849 6064
5851 6210
5852 5970
5852 6008
5852 6021
5852 6047
5852 6153
5852 6203
5855 6007
5855 6087
5855 6152
5855 6180
5855 6197
5855 6210
5858 5970
5858 5978
5858 6036
5858 6047
5858 6059
5860 6213
5862 6007
5862 6119
5862 6174
5876 6047
5877 5978
5877 6008
5877 6016
5877 6049
5877 6151
5877 6180
5879 5970
5879 6008
5879 6098
5879 6150
5879 6180
5879 6197
5887 6064
5887 6174
5888 5993
5888 6008
5888 6019
5888 6047
5888 6059
5888 6098
5888 6150
5888 6180
5888 6182
5888 6203
5888 6210
5888 6228
5888 6238
5900 6047
5906 5970
5906 5978
5908 5984
5908 5985
5908 5993
5908 6021
5909 5978
5909 5984
5909 5985
5909 5993
5909 6007
5909 6008
5909 6010
5909 6021
5909 6036
5912 6115
5912 6156
5912 6180
5912 6182
5912 6191
5912 6205
5912 6221
5914 5968
5914 6007
5914 6049
5914 6064
5914 6087
5914 6090
5914 6098
5914 6115
5914 6150
5914 6151
5914 6153
5914 6156
5914 6174
5914 6180
5914 6191
5914 6203
5914 6205
5915 6049
5927 6021
5935 6152
5935 6180
5937 6059
5937 6180
5937 6213
5938 5993
5941 5978
5941 6010
5941 6036
5941 6047
5941 6082
5941 6090
5941 6122
5941 6156
5950 5993
5959 6150
5963 6182
5966 6150
5966 6174
5966 6191
5968 5970
5970 5968
5970 6090
5970 6180
5970 6191
5973 5985
5973 6007
5973 6047
5973 6090
5973 6098
5973 6171
5973 6205
5975 5978
5976 5978
5977 6010
5979 6008
5979 6021
5979 6059
5980 5993
5980 6021
5982 5984
5982 6021
5983 5984
5985 6008
5986 5985
5987 5985
5989 5993
5990 5993
5991 5993
5992 5993
5996 6180
5999 5968
5999 6007
5999 6087
5999 6090
5999 6091
5999 6122
5999 6150
5999 6151
5999 6153
5999 6156
5999 6171
5999 6174
5999 6175
5999 6191
6000 5968
6000 6007
6000 6059
6000 6087
6000 6090
6000 6098
6000 6180
6000 6191
6000 6203
6000 6205
6000 6210
6000 6213
6001 6007
6001 6090
6001 6098
6001 6153
6001 6171
6001 6191
6001 6203
6002 6007
6002 6180
6003 6007
6003 6010
6003 6021
6004 6007
6005 6007
6005 6205
6005 6210
6006 6007
6006 6059
6006 6072
6006 6122
6006 6171
6006 6174
6006 6182
6008 6010
6009 6010
6014 6016
6015 6016
6017 6021
6018 6021
6019 6021
6020 6021
6026 6174
6035 6036
6035 6191
6037 6008
6038 6008
6039 6008
6045 6047
6046 6047
6048 6049
6048 6151
6053 6054
6058 6059
6060 5968
6061 6062
6068 6072
6069 6072
6070 6072
6071 6072
6075 6090
6077 5968
6077 6090
6077 6091
6080 6098
6083 6084
6086 5968
6086 6087
6086 6150
6086 6152
6086 6153
6086 6171
6086 6174
6086 6180
6086 6191
6088 6090
6089 6090
6093 6019
6093 6098
6093 6205
6093 6226
6093 6228
6094 6098
6094 6210
6094 6221
6098 6210
6098 6221
6100 6019
6100 6182
6100 6203
6100 6210
6100 6221
6100 6228
6100 6238
6102 5968
6103 5968
6104 5968
6105 6150
6105 6174
6105 6191
6108 6150
6108 6191
6111 6019
6116 6117
6120 6122
6121 6122
6124 6019
6124 6171
6124 6180
6124 6191
6124 6197
6129 6191
6129 6210
6134 6156
6144 6019
6144 6161
6144 6191
6147 6150
6148 6150
6149 6150
6157 6156
6158 6156
6159 6156
6160 6161
6164 6019
6164 6203
6164 6205
6167 6191
6169 6171
6170 6171
6170 6174
6170 6180
6170 6182
6170 6191
6170 6197
6176 6180
6177 6180
6177 6191
6178 6180
6179 6180
6179 6191
6179 6197
6181 6182
6183 6182
6184 6182
6185 6182
6186 6182
6187 6182
6190 6019
6190 6191
6192 6191
6193 6191
6194 6191
6195 6197
6196 6197
6201 6205
6204 6098
6204 6205
6204 6221
6208 6098
6209 6098
6211 6210
6212 6019
6212 6213
6220 6221
6227 6228
