3 2238
3 2389
3 2443
8 2199
8 2207
8 2214
8 2219
8 2230
8 2233
8 2239
8 2241
8 2242
8 2250
8 2253
8 2266
8 2267
8 2277
8 2302
8 2314
8 2319
8 2323
8 2325
8 2336
8 2338
8 2348
8 2355
8 2366
8 2389
8 2403
8 2412
8 2435
8 2453
8 2461
8 2483
8 2504
9 2288
11 2230
11 2239
12 2230
12 2238
17 2274
17 2335
17 2336
17 2378
18 2266
18 2302
18 2368
21 2207
21 2214
21 2219
21 2245
21 2251
21 2277
21 2278
21 2287
21 2314
21 2323
21 2369
21 2372
21 2374
21 2379
21 2412
21 2452
21 2480
21 2487
24 2277
24 2448
25 2359
33 2214
33 2215
33 2219
33 2238
33 2241
33 2266
33 2270
33 2336
33 2380
33 2383
33 2412
34 2336
39 2219
41 2230
44 2412
44 2480
46 2230
50 2242
50 2267
50 2335
53 2238
56 2300
56 2302
56 2452
56 2471
56 2480
56 2487
56 2490
56 2495
56 2500
56 2502
57 2219
63 2219
63 2238
65 2207
65 2213
65 2240
65 2278
65 2288
65 2323
65 2326
65 2327
65 2335
65 2336
65 2365
65 2368
65 2403
65 2412
65 2416
65 2496
67 2336
77 2487
78 2230
78 2319
78 2336
78 2365
79 2217
79 2326
79 2335
79 2359
79 2455
80 2242
81 2323
92 2251
92 2267
92 2336
92 2397
92 2412
92 2452
101 2230
101 2319
104 2214
104 2219
104 2233
104 2238
104 2239
104 2240
104 2242
104 2245
104 2250
104 2251
104 2266
104 2274
104 2278
104 2281
104 2315
104 2330
104 2362
104 2365
104 2366
104 2378
104 2383
104 2435
104 2461
104 2480
104 2483
104 2487
104 2490
104 2492
104 2502
104 2504
108 2219
108 2240
108 2266
108 2319
108 2366
108 2487
108 2500
109 2330
109 2444
109 2490
112 2230
116 2338
120 2215
120 2219
122 2372
122 2480
130 2242
130 2502
132 2214
132 2219
134 2412
142 2217
142 2219
142 2238
142 2239
142 2240
142 2245
142 2247
142 2267
142 2274
142 2281
142 2288
142 2300
142 2372
142 2379
142 2403
142 2476
142 2483
142 2490
142 2496
143 2335
143 2348
143 2412
149 2199
149 2219
149 2230
149 2242
149 2296
149 2302
149 2338
151 2219
151 2239
151 2277
151 2278
151 2335
153 2219
155 2290
166 2245
172 2219
174 2214
174 2219
174 2266
174 2319
184 2336
193 2219
194 2325
194 2330
194 2355
194 2362
194 2365
194 2368
194 2378
211 2219
211 2383
211 2403
215 2245
215 2332
218 2335
221 2480
229 2214
229 2219
229 2240
229 2253
229 2266
229 2355
229 2378
229 2495
231 2336
231 2346
235 2230
237 2278
237 2288
237 2412
238 2351
238 2366
238 2483
251 2233
251 2239
251 2240
251 2242
251 2245
251 2250
251 2267
251 2274
251 2302
251 2315
251 2461
251 2496
253 2335
253 2362
253 2378
255 2219
255 2230
255 2253
255 2266
255 2274
255 2281
255 2319
255 2355
255 2372
255 2374
255 2383
255 2480
256 2200
256 2219
256 2230
256 2240
256 2241
256 2245
256 2288
256 2325
256 2336
256 2365
256 2379
256 2412
256 2449
256 2467
256 2487
256 2492
256 2496
256 2504
258 2359
258 2412
260 2219
260 2383
260 2487
262 2287
264 2245
264 2270
264 2277
264 2335
264 2336
264 2372
264 2455
270 2443
279 2207
280 2302
283 2238
285 2254
290 2266
290 2297
290 2378
290 2385
290 2403
290 2444
290 2452
290 2453
292 2207
298 2245
298 2332
307 2230
310 2219
310 2230
310 2274
310 2359
321 2258
332 2397
332 2487
340 2368
340 2383
340 2452
340 2490
342 2351
342 2403
342 2496
343 2242
344 2212
344 2219
344 2274
344 2335
344 2336
344 2366
344 2500
349 2219
361 2230
361 2288
361 2416
361 2476
361 2487
368 2199
368 2253
368 2277
368 2372
368 2397
368 2412
368 2461
368 2483
368 2487
382 2266
388 2200
388 2207
388 2215
388 2219
388 2238
388 2239
388 2268
388 2270
388 2274
388 2277
388 2288
388 2302
388 2314
388 2325
388 2326
388 2327
388 2330
388 2335
388 2346
388 2366
388 2371
388 2374
388 2380
388 2389
388 2397
388 2403
388 2412
388 2416
388 2435
388 2461
388 2483
388 2496
394 2219
411 2362
438 2335
441 2288
442 2230
442 2245
442 2362
448 2240
448 2412
449 2278
451 2207
451 2217
451 2240
451 2242
451 2362
477 2323
477 2412
482 2219
482 2452
494 2212
494 2219
494 2230
494 2245
494 2336
494 2397
494 2412
515 2335
522 2335
522 2380
522 2397
522 2412
522 2480
523 2245
523 2359
525 2238
531 2240
532 2452
534 2278
534 2379
536 2230
537 2219
537 2241
537 2253
537 2346
537 2379
537 2418
537 2476
537 2480
537 2495
537 2500
547 2241
548 2281
548 2379
549 2238
550 2483
552 2325
552 2483
566 2230
572 2267
572 2315
574 2346
575 2239
575 2490
580 2219
580 2230
580 2241
580 2245
580 2247
580 2288
580 2365
580 2366
580 2368
580 2444
584 2330
585 2219
585 2238
585 2242
595 2219
595 2240
595 2287
595 2302
595 2346
595 2355
595 2373
595 2379
595 2400
595 2467
595 2492
600 2230
600 2336
610 2397
610 2467
614 2253
614 2297
614 2467
620 2240
620 2332
620 2372
620 2476
630 2238
630 2351
631 2207
631 2219
631 2412
631 2490
631 2500
632 2219
634 2200
634 2212
634 2214
634 2217
634 2219
634 2233
634 2239
634 2240
634 2243
634 2245
634 2247
634 2251
634 2258
634 2266
634 2270
634 2274
634 2277
634 2278
634 2281
634 2287
634 2290
634 2297
634 2315
634 2323
634 2325
634 2326
634 2327
634 2335
634 2336
634 2346
634 2348
634 2351
634 2355
634 2362
634 2365
634 2366
634 2368
634 2369
634 2372
634 2374
634 2378
634 2379
634 2380
634 2383
634 2397
634 2400
634 2403
634 2412
634 2443
634 2444
634 2452
634 2455
634 2461
634 2467
634 2476
634 2480
634 2483
634 2487
634 2492
634 2495
634 2496
634 2504
637 2219
637 2238
637 2245
637 2332
637 2336
637 2359
637 2378
637 2487
639 2230
651 2212
651 2219
651 2239
651 2245
651 2250
651 2266
651 2274
651 2302
651 2314
651 2315
651 2319
651 2325
651 2369
651 2379
651 2403
651 2416
651 2435
651 2476
651 2483
651 2487
651 2496
656 2230
656 2270
656 2277
656 2374
656 2443
661 2336
661 2416
661 2504
664 2207
668 2230
671 2270
671 2335
678 2214
678 2230
678 2239
678 2240
678 2241
678 2245
678 2250
678 2253
678 2258
678 2274
678 2277
678 2287
678 2302
678 2315
678 2325
678 2351
678 2369
678 2372
678 2403
678 2412
678 2455
678 2461
678 2480
678 2483
678 2487
678 2492
678 2496
678 2504
681 2336
690 2214
690 2219
690 2239
690 2245
690 2251
690 2258
690 2267
690 2281
690 2351
690 2355
690 2412
690 2448
690 2467
690 2483
691 2212
691 2217
691 2219
691 2230
691 2240
691 2247
691 2254
691 2278
691 2290
691 2346
691 2348
691 2362
691 2365
691 2369
691 2372
691 2379
691 2385
691 2400
691 2418
691 2444
691 2452
691 2471
691 2480
691 2490
691 2492
691 2495
691 2500
691 2502
697 2219
697 2325
702 2359
702 2362
702 2368
702 2378
702 2416
702 2492
703 2267
705 2233
714 2245
714 2378
714 2487
714 2490
716 2214
716 2238
716 2245
716 2247
716 2258
716 2267
716 2274
716 2281
716 2290
716 2315
716 2369
716 2380
716 2476
716 2496
720 2219
720 2266
724 2212
724 2219
724 2240
724 2266
724 2385
724 2416
728 2287
730 2379
730 2383
731 2400
736 2207
736 2233
736 2239
736 2241
736 2242
736 2258
736 2314
736 2323
736 2366
736 2403
736 2412
736 2496
753 2326
753 2327
754 2213
754 2319
754 2330
754 2338
754 2355
754 2359
754 2362
754 2365
754 2368
754 2373
754 2378
754 2383
756 2319
759 2359
766 2365
773 2453
775 2287
784 2219
784 2480
784 2492
789 2240
792 2214
792 2239
792 2240
792 2266
792 2270
792 2278
792 2359
792 2373
792 2378
793 2217
793 2219
793 2238
793 2270
793 2290
794 2214
794 2270
794 2369
794 2383
796 2200
799 2253
804 2245
816 2240
816 2251
816 2412
817 2219
817 2288
820 2219
823 2219
823 2238
823 2274
823 2288
823 2315
823 2444
823 2476
827 2219
827 2400
827 2412
829 2207
829 2212
829 2214
829 2217
829 2219
829 2233
829 2238
829 2239
829 2240
829 2241
829 2242
829 2245
829 2247
829 2251
829 2258
829 2267
829 2274
829 2278
829 2281
829 2290
829 2302
829 2314
829 2315
829 2319
829 2323
829 2372
829 2379
829 2400
829 2444
829 2453
829 2476
829 2483
829 2495
829 2496
834 2214
834 2219
834 2240
834 2241
834 2266
834 2267
834 2274
834 2288
834 2325
834 2362
834 2368
834 2369
834 2378
834 2383
834 2403
834 2495
835 2219
835 2240
835 2336
835 2400
837 2215
837 2219
837 2238
837 2239
837 2242
837 2250
837 2253
837 2266
837 2274
837 2287
837 2288
837 2290
837 2319
837 2325
837 2326
837 2330
837 2335
837 2336
837 2346
837 2348
837 2355
837 2359
837 2362
837 2365
837 2369
837 2372
837 2378
837 2383
837 2400
837 2476
837 2487
837 2492
840 2379
840 2383
843 2397
846 2238
846 2444
849 2258
860 2219
860 2242
860 2277
860 2346
860 2362
860 2378
860 2379
860 2500
867 2214
868 2443
868 2444
870 2207
870 2336
871 2278
871 2487
872 2219
872 2240
872 2250
872 2490
874 2266
876 2315
876 2351
877 2230
877 2250
877 2253
877 2325
877 2359
877 2416
877 2476
877 2487
878 2245
878 2348
879 2267
885 2212
885 2288
886 2245
886 2397
886 2487
889 2219
889 2335
889 2436
889 2487
894 2239
894 2242
894 2266
894 2278
894 2287
894 2302
894 2314
894 2378
894 2379
894 2383
894 2461
894 2492
895 2243
904 2239
909 2288
921 2278
923 2219
923 2238
923 2239
923 2266
923 2330
923 2355
923 2379
923 2483
923 2495
924 2215
924 2219
924 2238
924 2240
924 2243
924 2253
924 2266
924 2278
924 2287
924 2297
924 2355
924 2362
924 2368
924 2378
924 2397
924 2467
924 2487
924 2492
924 2496
926 2242
928 2219
928 2240
929 2288
932 2455
938 2219
938 2266
939 2219
941 2287
941 2348
941 2397
941 2412
941 2487
942 2492
946 2238
946 2348
946 2359
946 2471
947 2207
947 2233
947 2238
947 2239
947 2277
947 2278
947 2281
947 2323
947 2327
947 2336
947 2348
947 2351
947 2366
947 2379
947 2412
947 2443
947 2455
947 2461
947 2483
947 2492
947 2504
949 2212
949 2219
949 2266
949 2355
949 2368
949 2452
949 2480
950 2239
950 2277
950 2278
950 2319
950 2325
950 2330
950 2362
950 2368
950 2378
950 2379
950 2483
956 2487
960 2379
963 2199
963 2217
963 2219
963 2230
963 2245
963 2250
963 2251
963 2253
963 2266
963 2267
963 2287
963 2290
963 2315
963 2319
963 2325
963 2330
963 2336
963 2362
963 2365
963 2369
963 2378
963 2379
963 2383
963 2397
963 2400
963 2412
963 2467
963 2487
965 2332
965 2342
973 2287
974 2199
974 2214
974 2217
974 2230
974 2233
974 2240
974 2243
974 2245
974 2250
974 2253
974 2258
974 2266
974 2267
974 2274
974 2335
974 2336
974 2355
974 2366
974 2372
974 2378
974 2379
974 2383
974 2400
974 2412
974 2444
974 2467
974 2476
974 2483
974 2492
974 2496
975 2219
975 2266
975 2267
975 2383
977 2219
977 2230
977 2319
977 2476
987 2452
987 2480
988 2230
988 2366
988 2383
988 2416
988 2452
988 2487
989 2359
1004 2212
1004 2213
1004 2219
1004 2240
1004 2245
1004 2278
1004 2290
1004 2300
1004 2330
1004 2346
1004 2348
1004 2355
1004 2362
1004 2365
1004 2368
1004 2378
1004 2379
1004 2383
1004 2400
1004 2416
1004 2418
1004 2444
1004 2449
1004 2452
1004 2476
1006 2219
1006 2492
1008 2238
1008 2247
1008 2277
1008 2281
1008 2290
1008 2476
1014 2199
1014 2219
1014 2240
1014 2242
1014 2245
1014 2253
1014 2266
1014 2278
1014 2290
1014 2346
1014 2362
1014 2383
1014 2397
1015 2230
1015 2239
1015 2325
1015 2416
1015 2452
1015 2453
1019 2199
1019 2219
1024 2251
1024 2266
1024 2287
1024 2383
1024 2452
1031 2219
1031 2238
1031 2266
1031 2467
1039 2219
1039 2266
1039 2302
1039 2314
1039 2504
1044 2266
1049 2215
1049 2219
1049 2242
1049 2335
1049 2336
1049 2412
1059 2217
1059 2242
1059 2245
1059 2274
1059 2302
1059 2378
1064 2214
1064 2245
1064 2287
1064 2314
1064 2372
1064 2380
1064 2400
1064 2480
1064 2487
1064 2492
1073 2240
1073 2241
1073 2258
1073 2372
1073 2389
1073 2487
1073 2496
1076 2325
1077 2480
1078 2412
1078 2480
1079 2214
1079 2219
1079 2238
1079 2242
1079 2267
1079 2397
1079 2400
1079 2412
1079 2480
1081 2369
1081 2495
1083 2250
1083 2389
1083 2416
1086 2219
1087 2278
1087 2302
1087 2490
1094 2212
1094 2214
1094 2217
1094 2219
1094 2233
1094 2240
1094 2242
1094 2247
1094 2251
1094 2258
1094 2267
1094 2274
1094 2277
1094 2278
1094 2281
1094 2287
1094 2288
1094 2290
1094 2297
1094 2302
1094 2314
1094 2315
1094 2319
1094 2325
1094 2330
1094 2338
1094 2355
1094 2362
1094 2365
1094 2368
1094 2369
1094 2372
1094 2378
1094 2379
1094 2383
1094 2416
1094 2444
1094 2476
1094 2480
1094 2483
1094 2487
1094 2490
1094 2492
1094 2495
1094 2496
1094 2500
1094 2504
1095 2287
1095 2452
1107 2219
1107 2239
1107 2247
1107 2274
1107 2302
1107 2314
1107 2319
1107 2403
1107 2435
1107 2483
1110 2346
1110 2365
1110 2452
1122 2200
1122 2219
1139 2332
1142 2258
1142 2302
1142 2355
1142 2492
1145 2219
1146 2230
1147 2335
1149 2217
1149 2251
1149 2258
1149 2372
1149 2496
1153 2217
1153 2240
1153 2243
1153 2266
1153 2290
1153 2319
1153 2325
1153 2326
1153 2330
1153 2336
1153 2346
1153 2348
1153 2355
1153 2362
1153 2365
1153 2368
1153 2374
1153 2375
1153 2378
1153 2379
1153 2380
1153 2383
1153 2443
1153 2444
1153 2452
1153 2457
1153 2480
1153 2487
1153 2490
1153 2500
1159 2219
1160 2239
1160 2277
1160 2278
1160 2418
1160 2490
1161 2242
1161 2302
1162 2487
1163 2241
1163 2245
1163 2267
1163 2302
1163 2365
1163 2368
1163 2378
1164 2207
1169 2240
1169 2250
1169 2287
1169 2418
1174 2219
1174 2251
1174 2266
1174 2267
1174 2278
1174 2287
1174 2323
1174 2325
1174 2355
1174 2362
1174 2379
1174 2383
1174 2400
1174 2480
1174 2487
1195 2212
1195 2217
1195 2242
1195 2250
1195 2253
1195 2266
1195 2369
1200 2219
1200 2372
1204 2212
1204 2219
1204 2266
1204 2274
1204 2362
1204 2461
1204 2483
1204 2496
1232 2277
1237 2219
1237 2230
1237 2365
1238 2355
1238 2487
1241 2253
1241 2326
1243 2233
1245 2215
1245 2219
1248 2325
1248 2378
1248 2412
1249 2242
1255 2389
1259 2214
1259 2217
1259 2219
1259 2230
1259 2238
1259 2250
1259 2253
1259 2281
1259 2444
1262 2207
1262 2213
1262 2214
1262 2239
1262 2281
1262 2290
1262 2314
1262 2379
1262 2403
1262 2444
1262 2483
1262 2504
1265 2238
1266 2200
1266 2219
1266 2233
1266 2242
1266 2245
1266 2251
1266 2266
1266 2288
1266 2290
1266 2302
1266 2314
1266 2315
1266 2355
1266 2372
1266 2400
1266 2412
1266 2504
1269 2355
1270 2199
1270 2219
1270 2245
1270 2355
1270 2412
1271 2476
1274 2238
1276 2240
1276 2258
1276 2444
1279 2389
1288 2219
1288 2239
1288 2266
1288 2302
1288 2314
1288 2368
1288 2383
1288 2483
1289 2219
1289 2230
1289 2239
1289 2250
1289 2251
1289 2314
1289 2383
1289 2496
1289 2504
1302 2219
1302 2241
1302 2274
1302 2287
1302 2290
1302 2314
1302 2351
1302 2412
1302 2487
1303 2213
1303 2230
1303 2250
1303 2335
1307 2233
1307 2240
1307 2243
1307 2270
1307 2314
1307 2374
1307 2412
1307 2443
1307 2467
1307 2496
1308 2219
1308 2253
1308 2330
1308 2362
1310 2199
1310 2200
1310 2214
1310 2217
1310 2219
1310 2230
1310 2238
1310 2239
1310 2240
1310 2241
1310 2242
1310 2245
1310 2250
1310 2251
1310 2253
1310 2266
1310 2267
1310 2268
1310 2274
1310 2278
1310 2281
1310 2287
1310 2290
1310 2297
1310 2302
1310 2314
1310 2315
1310 2319
1310 2323
1310 2325
1310 2327
1310 2335
1310 2351
1310 2355
1310 2365
1310 2368
1310 2369
1310 2372
1310 2378
1310 2379
1310 2412
1310 2435
1310 2452
1310 2461
1310 2480
1310 2483
1310 2487
1310 2490
1310 2492
1310 2495
1310 2496
1310 2504
1313 2199
1313 2212
1313 2219
1313 2238
1313 2336
1313 2383
1316 2199
1316 2219
1316 2365
1324 2213
1324 2290
1326 2239
1326 2250
1326 2266
1326 2277
1326 2416
1326 2471
1339 2219
1339 2230
1339 2240
1339 2245
1339 2250
1339 2254
1339 2278
1339 2281
1339 2287
1339 2346
1339 2378
1339 2379
1339 2435
1339 2480
1339 2492
1341 2199
1341 2379
1341 2418
1347 2219
1347 2240
1347 2355
1347 2400
1347 2487
1349 2355
1349 2452
1349 2492
1351 2219
1351 2274
1351 2483
1358 2448
1362 2199
1362 2212
1362 2219
1362 2230
1362 2240
1362 2247
1362 2253
1362 2266
1362 2278
1362 2287
1362 2297
1362 2315
1362 2319
1362 2325
1362 2355
1362 2362
1362 2368
1362 2369
1362 2378
1362 2379
1362 2383
1362 2400
1362 2412
1362 2476
1362 2495
1362 2504
1368 2219
1368 2240
1368 2323
1368 2338
1368 2400
1375 2233
1375 2325
1376 2302
1376 2314
1376 2379
1376 2483
1377 2219
1377 2266
1377 2274
1377 2397
1377 2490
1378 2325
1391 2238
1391 2267
1391 2336
1391 2480
1395 2238
1395 2335
1395 2359
1397 2330
1404 2368
1409 2348
1412 2243
1412 2444
1412 2467
1417 2325
1418 2266
1420 2325
1420 2348
1433 2219
1433 2238
1437 2239
1437 2412
1437 2480
1439 2416
1440 2242
1440 2412
1440 2443
1440 2452
1441 2416
1446 2230
1446 2335
1446 2359
1449 2230
1449 2365
1449 2368
1450 2215
1450 2219
1450 2230
1450 2267
1450 2378
1450 2496
1450 2504
1453 2287
1453 2297
1453 2362
1453 2368
1453 2369
1453 2378
1453 2383
1453 2452
1453 2471
1453 2480
1453 2487
1453 2492
1453 2495
1454 2480
1455 2351
1455 2355
1455 2362
1455 2412
1455 2480
1457 2355
1465 2219
1465 2253
1465 2258
1465 2307
1465 2319
1465 2366
1465 2416
1475 2400
1476 2219
1476 2230
1476 2412
1477 2238
1477 2480
1478 2238
1478 2242
1479 2219
1479 2277
1479 2302
1479 2444
1485 2416
1488 2242
1492 2230
1492 2250
1492 2253
1492 2335
1493 2199
1493 2219
1493 2230
1493 2238
1493 2239
1493 2240
1493 2247
1493 2258
1493 2287
1493 2290
1493 2315
1493 2416
1493 2444
1493 2476
1494 2219
1494 2476
1499 2480
1499 2487
1499 2490
1499 2495
1499 2500
1505 2215
1509 2480
1510 2215
1510 2219
1510 2240
1510 2267
1510 2302
1510 2355
1510 2365
1510 2383
1510 2443
1510 2461
1510 2480
1510 2487
1512 2212
1512 2214
1512 2219
1512 2230
1512 2240
1512 2241
1512 2278
1512 2335
1512 2346
1512 2355
1512 2378
1512 2452
1512 2492
1513 2214
1513 2219
1513 2266
1513 2338
1513 2355
1513 2368
1516 2219
1519 2219
1519 2242
1521 2213
1521 2219
1521 2239
1521 2290
1521 2314
1521 2351
1521 2362
1526 2348
1527 2368
1531 2219
1531 2355
1531 2378
1532 2281
1532 2315
1532 2365
1532 2366
1532 2372
1532 2444
1532 2496
1536 2241
1536 2278
1536 2444
1537 2335
1539 2278
1544 2199
1544 2200
1544 2233
1544 2238
1544 2253
1544 2355
1544 2383
1544 2452
1544 2480
1544 2487
1547 2219
1547 2230
1547 2238
1547 2240
1547 2274
1549 2241
1549 2314
1549 2323
1549 2412
1550 2215
1550 2219
1550 2238
1550 2239
1550 2240
1550 2242
1550 2245
1550 2278
1550 2287
1550 2297
1550 2336
1550 2369
1550 2379
1550 2400
1550 2480
1550 2487
1550 2490
1550 2492
1550 2495
1550 2504
1551 2219
1553 2219
1553 2230
1553 2240
1553 2245
1553 2250
1553 2266
1553 2267
1553 2274
1553 2278
1553 2302
1553 2319
1553 2368
1553 2385
1553 2400
1553 2487
1556 2374
1559 2400
1564 2314
1564 2372
1565 2240
1567 2219
1567 2245
1567 2287
1567 2332
1567 2378
1567 2379
1567 2383
1569 2212
1569 2240
1569 2278
1569 2487
1570 2403
1570 2483
1575 2219
1575 2274
1575 2315
1575 2351
1575 2496
1576 2319
1576 2325
1576 2418
1578 2400
1580 2346
1580 2348
1596 2214
1596 2219
1596 2267
1596 2274
1596 2355
1596 2365
1596 2378
1604 2212
1604 2214
1604 2219
1604 2241
1604 2242
1604 2278
1604 2290
1604 2365
1604 2461
1607 2342
1607 2355
1610 2214
1610 2219
1615 2237
1615 2281
1615 2362
1634 2483
1635 2212
1635 2219
1635 2325
1635 2330
1635 2362
1635 2378
1635 2379
1635 2383
1635 2471
1635 2500
1638 2199
1638 2217
1638 2219
1638 2253
1638 2278
1638 2287
1638 2290
1638 2297
1638 2319
1638 2348
1638 2369
1638 2372
1638 2400
1638 2452
1638 2476
1638 2480
1638 2487
1641 2238
1641 2240
1647 2240
1647 2412
1654 2219
1658 2302
1659 2219
1661 2219
1661 2239
1661 2242
1661 2267
1661 2372
1661 2496
1668 2240
1671 2326
1671 2327
1671 2355
1671 2490
1673 2267
1673 2336
1673 2480
1674 2274
1674 2288
1674 2314
1674 2496
1678 2214
1678 2215
1678 2217
1678 2219
1678 2238
1678 2239
1678 2240
1678 2241
1678 2242
1678 2245
1678 2251
1678 2258
1678 2267
1678 2274
1678 2278
1678 2281
1678 2287
1678 2302
1678 2314
1678 2315
1678 2369
1678 2372
1678 2379
1678 2443
1678 2480
1678 2483
1678 2490
1678 2492
1678 2495
1678 2504
1681 2480
1682 2266
1685 2217
1685 2219
1685 2266
1685 2355
1685 2452
1686 2358
1689 2412
1690 2217
1690 2219
1690 2230
1690 2233
1690 2241
1690 2258
1690 2378
1690 2379
1690 2383
1695 2274
1696 2219
1696 2250
1696 2266
1696 2287
1696 2330
1696 2338
1696 2355
1696 2362
1696 2365
1696 2368
1696 2378
1696 2379
1696 2383
1696 2400
1696 2452
1696 2480
1696 2487
1696 2492
1697 2219
1697 2250
1702 2199
1704 2219
1705 2217
1705 2219
1705 2238
1705 2242
1705 2302
1705 2496
1710 2233
1710 2238
1710 2245
1710 2365
1710 2379
1711 2243
1715 2443
1717 2230
1717 2239
1717 2278
1733 2240
1738 2416
1739 2240
1743 2242
1756 2219
1756 2238
1756 2240
1756 2274
1756 2416
1756 2453
1757 2266
1759 2214
1759 2217
1759 2245
1759 2412
1763 2266
1763 2471
1765 2219
1766 2199
1766 2213
1766 2214
1766 2219
1766 2230
1766 2250
1766 2253
1766 2287
1766 2297
1766 2319
1766 2338
1766 2346
1766 2348
1766 2355
1766 2359
1766 2365
1766 2368
1766 2369
1766 2383
1766 2385
1766 2492
1775 2266
1775 2383
1781 2230
1783 2199
1783 2219
1783 2230
1783 2266
1783 2287
1783 2351
1783 2379
1783 2452
1783 2490
1783 2495
1790 2287
1790 2369
1790 2492
1795 2219
1795 2238
1798 2412
1800 2418
1801 2212
1801 2219
1801 2302
1801 2369
1801 2379
1801 2492
1802 2346
1802 2412
1803 2355
1804 2490
1805 2212
1805 2238
1805 2239
1805 2241
1805 2242
1805 2251
1805 2266
1805 2274
1805 2277
1805 2287
1805 2302
1805 2335
1805 2336
1805 2338
1805 2362
1805 2366
1805 2374
1805 2378
1805 2397
1805 2400
1805 2435
1805 2443
1805 2483
1805 2490
1805 2492
1805 2500
1806 2219
1807 2214
1807 2219
1807 2242
1807 2251
1807 2366
1807 2383
1811 2219
1813 2219
1813 2242
1814 2480
1817 2199
1817 2214
1817 2219
1817 2230
1817 2250
1817 2253
1817 2266
1817 2287
1817 2297
1817 2319
1817 2330
1817 2338
1817 2355
1817 2362
1817 2365
1817 2368
1817 2369
1817 2378
1817 2383
1817 2416
1817 2418
1817 2452
1817 2480
1817 2487
1817 2492
1817 2495
1819 2219
1819 2238
1819 2240
1819 2242
1819 2243
1819 2274
1819 2287
1819 2315
1819 2325
1819 2335
1819 2336
1819 2351
1819 2355
1819 2379
1819 2397
1819 2435
1819 2443
1819 2444
1819 2487
1826 2239
1827 2215
1827 2238
1827 2315
1827 2335
1827 2336
1827 2351
1827 2355
1827 2366
1827 2374
1827 2380
1827 2412
1827 2444
1827 2452
1827 2504
1834 2219
1844 2500
1845 2253
1845 2266
1847 2238
1847 2245
1848 2266
1848 2355
1848 2359
1848 2416
1850 2213
1850 2214
1850 2215
1850 2219
1850 2238
1850 2319
1850 2336
1850 2338
1850 2359
1850 2365
1850 2373
1850 2378
1850 2480
1851 2240
1851 2400
1852 2219
1860 2250
1860 2302
1860 2315
1860 2336
1860 2368
1860 2452
1860 2487
1860 2492
1860 2500
1860 2502
1880 2242
1880 2362
1880 2372
1881 2351
1894 2219
1895 2219
1895 2238
1895 2336
1895 2400
1895 2476
1896 2351
1899 2202
1899 2278
1900 2214
1900 2219
1900 2238
1900 2240
1900 2266
1900 2355
1901 2242
1901 2373
1903 2199
1903 2219
1903 2359
1903 2365
1904 2240
1904 2400
1906 2219
1906 2238
1906 2240
1906 2247
1906 2278
1906 2281
1906 2288
1906 2290
1906 2297
1906 2300
1906 2319
1906 2379
1906 2400
1906 2435
1906 2444
1906 2476
1906 2490
1906 2492
1907 2207
1907 2214
1907 2233
1907 2238
1907 2240
1907 2242
1907 2245
1907 2251
1907 2258
1907 2267
1907 2274
1907 2277
1907 2278
1907 2281
1907 2287
1907 2314
1907 2315
1907 2323
1907 2351
1907 2366
1907 2369
1907 2372
1907 2379
1907 2380
1907 2412
1907 2443
1907 2461
1907 2480
1907 2492
1907 2496
1910 2219
1910 2238
1910 2242
1910 2250
1910 2314
1910 2476
1911 2199
1911 2250
1917 2213
1917 2219
1917 2319
1917 2397
1919 2219
1919 2238
1919 2240
1919 2287
1919 2297
1919 2368
1919 2369
1919 2492
1919 2495
1919 2500
1920 2240
1920 2258
1920 2274
1920 2315
1922 2362
1923 2287
1923 2369
1923 2487
1924 2219
1924 2238
1924 2242
1924 2251
1924 2253
1924 2266
1924 2287
1924 2319
1924 2325
1924 2351
1924 2355
1924 2362
1924 2365
1924 2368
1924 2369
1924 2373
1924 2378
1924 2403
1924 2452
1924 2480
1924 2483
1924 2487
1925 2251
1925 2267
1925 2288
1925 2326
1926 2200
1926 2219
1926 2302
1926 2323
1926 2335
1926 2336
1926 2412
1926 2504
1928 2240
1928 2278
1928 2335
1928 2336
1928 2355
1928 2383
1928 2400
1933 2214
1933 2219
1933 2230
1933 2238
1933 2416
1935 2219
1935 2240
1935 2471
1940 2219
1943 2219
1943 2290
1945 2492
1947 2253
1947 2366
1948 2214
1948 2238
1948 2239
1948 2240
1948 2241
1948 2242
1948 2245
1948 2251
1948 2258
1948 2267
1948 2274
1948 2302
1948 2314
1948 2315
1948 2372
1948 2435
1948 2453
1948 2496
1952 2219
1952 2250
1952 2400
1955 2214
1955 2219
1955 2238
1955 2242
1955 2245
1955 2251
1955 2266
1955 2274
1955 2302
1955 2314
1955 2335
1955 2336
1955 2355
1955 2400
1955 2403
1955 2412
1955 2483
1956 2233
1956 2240
1956 2355
1956 2461
1957 2214
1957 2215
1957 2219
1957 2238
1957 2250
1957 2268
1957 2281
1957 2314
1957 2319
1957 2355
1957 2397
1957 2443
1957 2495
1963 2230
1964 2314
1971 2214
1971 2219
1971 2368
1972 2219
1972 2238
1972 2242
1972 2245
1972 2314
1972 2355
1972 2369
1972 2483
1975 2207
1975 2214
1975 2217
1975 2233
1975 2239
1975 2240
1975 2241
1975 2242
1975 2245
1975 2251
1975 2258
1975 2267
1975 2268
1975 2274
1975 2302
1975 2314
1975 2315
1975 2351
1975 2358
1975 2372
1975 2403
1975 2412
1975 2435
1975 2449
1975 2453
1975 2461
1975 2483
1975 2496
1975 2504
1976 2199
1976 2214
1976 2215
1976 2230
1976 2239
1976 2240
1976 2242
1976 2245
1976 2250
1976 2251
1976 2253
1976 2266
1976 2274
1976 2287
1976 2302
1976 2314
1976 2315
1976 2319
1976 2325
1976 2330
1976 2335
1976 2355
1976 2362
1976 2365
1976 2368
1976 2373
1976 2383
1976 2416
1976 2461
1976 2483
1976 2496
1976 2504
1980 2219
1980 2238
1980 2242
1980 2319
1980 2444
1988 2365
1990 2238
1991 2237
1994 2326
1996 2219
2002 2240
2002 2241
2002 2242
2002 2247
2002 2274
2002 2302
2002 2314
2002 2453
2002 2461
2002 2483
2002 2496
2003 2219
2009 2245
2009 2251
2009 2372
2010 2213
2010 2233
2010 2238
2010 2242
2010 2245
2010 2250
2010 2266
2010 2302
2010 2314
2010 2319
2010 2400
2010 2403
2010 2476
2011 2219
2011 2230
2011 2250
2012 2199
2012 2219
2012 2230
2013 2323
2014 2348
2014 2374
2014 2443
2016 2239
2016 2240
2016 2242
2016 2277
2016 2278
2016 2287
2016 2369
2016 2379
2016 2400
2016 2416
2016 2418
2016 2452
2016 2480
2016 2487
2016 2492
2016 2496
2020 2207
2020 2266
2020 2378
2021 2215
2023 2403
2023 2435
2023 2453
2023 2461
2023 2483
2023 2504
2025 2219
2027 2219
2027 2323
2027 2374
2027 2412
2027 2443
2030 2336
2030 2374
2030 2443
2037 2214
2037 2219
2037 2238
2037 2241
2037 2245
2037 2267
2037 2314
2037 2351
2037 2412
2047 2355
2048 2239
2048 2240
2048 2242
2048 2245
2048 2251
2048 2258
2048 2267
2048 2290
2048 2302
2048 2314
2048 2351
2048 2355
2048 2358
2048 2365
2048 2403
2048 2480
2048 2483
2050 2315
2051 2219
2051 2230
2052 2325
2052 2490
2052 2492
2053 2230
2060 2487
2061 2213
2061 2219
2061 2240
2061 2242
2061 2319
2061 2332
2061 2355
2061 2359
2061 2365
2089 2355
2092 2213
2092 2247
2092 2266
2092 2278
2092 2287
2092 2290
2092 2319
2092 2325
2092 2330
2092 2332
2092 2362
2092 2365
2092 2368
2092 2369
2092 2378
2092 2379
2092 2383
2092 2416
2092 2452
2092 2471
2092 2480
2092 2487
2093 2219
2093 2253
2093 2266
2093 2278
2093 2287
2093 2290
2093 2297
2093 2319
2093 2325
2093 2330
2093 2355
2093 2362
2093 2365
2093 2368
2093 2369
2093 2373
2093 2378
2093 2379
2093 2383
2093 2400
2093 2452
2093 2480
2093 2487
2093 2492
2094 2212
2094 2214
2094 2219
2094 2238
2094 2240
2094 2247
2094 2266
2094 2278
2094 2287
2094 2297
2094 2325
2094 2335
2094 2355
2094 2362
2094 2365
2094 2368
2094 2369
2094 2378
2094 2379
2094 2383
2094 2400
2094 2444
2094 2452
2094 2476
2094 2480
2094 2487
2094 2492
2096 2212
2096 2287
2096 2300
2096 2369
2096 2379
2096 2400
2096 2435
2096 2449
2096 2492
2104 2200
2104 2214
2104 2233
2104 2239
2104 2240
2104 2241
2104 2242
2104 2245
2104 2251
2104 2258
2104 2267
2104 2277
2104 2281
2104 2290
2104 2302
2104 2314
2104 2315
2104 2372
2104 2379
2104 2380
2104 2400
2104 2412
2104 2435
2104 2443
2104 2453
2104 2467
2104 2480
2104 2483
2104 2490
2104 2495
2106 2219
2106 2444
2112 2219
2112 2242
2112 2247
2112 2266
2112 2274
2116 2241
2116 2245
2116 2332
2118 2200
2118 2214
2118 2241
2118 2245
2118 2336
2118 2355
2118 2379
2118 2467
2120 2242
2120 2302
2120 2335
2120 2403
2120 2412
2120 2461
2121 2212
2121 2219
2121 2238
2121 2274
2121 2290
2121 2355
2121 2362
2121 2378
2121 2383
2121 2400
2121 2444
2121 2480
2121 2487
2121 2496
2122 2219
2122 2253
2123 2214
2123 2219
2123 2266
2123 2332
2124 2212
2124 2219
2124 2238
2124 2240
2124 2245
2124 2258
2124 2274
2124 2281
2124 2287
2124 2302
2124 2319
2124 2355
2124 2359
2124 2362
2124 2378
2124 2383
2130 2200
2130 2242
2130 2444
2138 2274
2140 2219
2143 2336
2143 2351
2143 2362
2143 2504
2144 2212
2144 2219
2144 2238
2144 2300
2144 2373
2144 2456
2144 2487
2145 2217
2145 2245
2145 2274
2145 2287
2145 2314
2145 2330
2145 2348
2145 2362
2145 2372
2145 2378
2145 2383
2145 2412
2145 2492
2147 2368
2149 2240
2149 2245
2149 2250
2149 2258
2149 2274
2149 2355
2149 2378
2149 2435
2150 2219
2150 2239
2150 2240
2150 2245
2150 2247
2150 2251
2150 2258
2150 2330
2150 2355
2150 2372
2150 2444
2150 2495
2151 2233
2151 2242
2151 2355
2151 2453
2152 2302
2152 2314
2152 2416
2152 2453
2152 2461
2152 2480
2152 2483
2152 2487
2153 2278
2153 2355
2153 2383
2156 2355
2156 2359
2156 2365
2156 2378
2158 2213
2158 2287
2158 2325
2158 2330
2158 2332
2158 2338
2158 2342
2158 2346
2158 2355
2158 2357
2158 2359
2158 2362
2158 2365
2158 2368
2158 2369
2158 2378
2158 2383
2158 2412
2158 2416
2158 2418
2158 2449
2158 2452
2158 2480
2158 2487
2158 2490
2158 2495
2158 2500
2158 2502
2160 2212
2160 2219
2160 2240
2160 2346
2160 2355
2160 2362
2160 2365
2160 2378
2160 2400
2160 2403
2160 2483
2160 2492
2161 2214
2161 2240
2161 2241
2161 2267
2161 2355
2161 2403
2161 2444
2161 2487
2161 2492
2161 2495
2162 2365
2165 2242
2165 2245
2165 2274
2165 2467
2165 2504
2166 2200
2166 2207
2166 2212
2166 2217
2166 2219
2166 2233
2166 2234
2166 2238
2166 2239
2166 2240
2166 2241
2166 2242
2166 2243
2166 2245
2166 2247
2166 2251
2166 2258
2166 2267
2166 2268
2166 2270
2166 2274
2166 2277
2166 2278
2166 2281
2166 2287
2166 2288
2166 2290
2166 2297
2166 2300
2166 2302
2166 2314
2166 2315
2166 2319
2166 2325
2166 2326
2166 2330
2166 2332
2166 2336
2166 2338
2166 2346
2166 2348
2166 2355
2166 2358
2166 2362
2166 2365
2166 2366
2166 2368
2166 2369
2166 2372
2166 2374
2166 2375
2166 2378
2166 2379
2166 2380
2166 2383
2166 2385
2166 2390
2166 2397
2166 2400
2166 2403
2166 2412
2166 2416
2166 2418
2166 2435
2166 2436
2166 2443
2166 2444
2166 2449
2166 2452
2166 2453
2166 2456
2166 2461
2166 2467
2166 2471
2166 2476
2166 2480
2166 2483
2166 2487
2166 2490
2166 2492
2166 2495
2166 2496
2166 2497
2166 2500
2166 2502
2166 2504
2173 2202
2173 2222
2175 2219
2177 2215
2177 2219
2177 2233
2177 2238
2177 2245
2177 2247
2177 2258
2177 2268
2177 2270
2177 2274
2177 2278
2177 2281
2177 2290
2177 2300
2177 2323
2177 2327
2177 2330
2177 2362
2177 2365
2177 2368
2177 2374
2177 2375
2177 2378
2177 2412
2177 2416
2177 2418
2177 2444
2177 2449
2177 2456
2177 2496
2179 2212
2179 2219
2184 2219
2186 2219
2186 2239
2186 2314
2186 2483
2187 2230
2188 2212
2188 2219
2188 2336
2191 2219
2191 2240
2191 2274
2191 2302
2191 2359
2191 2362
2191 2365
2191 2483
2192 2214
2192 2219
2192 2250
2192 2281
2192 2314
2192 2380
2192 2483
2193 2219
2193 2242
2193 2250
2193 2314
2193 2355
2194 2219
2194 2230
2194 2351
2194 2362
2197 2250
2198 2199
2200 2215
2200 2219
2200 2287
2200 2412
2200 2452
2200 2487
2201 2219
2202 2219
2203 2219
2203 2368
2203 2378
2203 2502
2204 2215
2204 2219
2204 2362
2205 2219
2206 2212
2206 2219
2207 2219
2207 2416
2207 2435
2207 2444
2208 2219
2208 2267
2208 2302
2208 2366
2208 2435
2209 2219
2210 2219
2211 2219
2212 2219
2212 2251
2212 2278
2212 2336
2212 2355
2212 2368
2213 2219
2213 2233
2213 2238
2213 2239
2213 2242
2213 2245
2213 2250
2213 2253
2213 2290
2213 2314
2213 2315
2213 2483
2213 2496
2214 2214
2214 2219
2214 2242
2214 2250
2214 2278
2214 2487
2214 2495
2215 2213
2215 2219
2215 2250
2217 2239
2217 2251
2217 2314
2218 2219
2220 2325
2223 2492
2225 2230
2226 2230
2227 2230
2228 2230
2229 2230
2231 2232
2233 2212
2233 2219
2233 2297
2233 2379
2233 2487
2233 2492
2233 2495
2234 2368
2234 2436
2236 2237
2238 2207
2238 2214
2238 2217
2238 2219
2238 2239
2238 2242
2238 2245
2238 2247
2238 2250
2238 2251
2238 2267
2238 2274
2238 2287
2238 2290
2238 2302
2238 2314
2238 2315
2238 2323
2238 2366
2238 2368
2238 2372
2238 2412
2238 2435
2238 2449
2238 2483
2238 2496
2238 2504
2239 2214
2239 2219
2239 2240
2239 2242
2239 2245
2239 2258
2239 2267
2239 2274
2239 2277
2239 2302
2239 2315
2239 2412
2239 2443
2239 2483
2240 2219
2240 2239
2240 2242
2240 2247
2240 2251
2240 2258
2240 2267
2240 2274
2240 2278
2240 2290
2240 2314
2240 2372
2240 2400
2240 2403
2240 2435
2240 2483
2241 2245
2241 2336
2241 2504
2242 2219
2242 2240
2242 2274
2242 2302
2242 2315
2242 2351
2243 2240
2243 2242
2243 2258
2243 2267
2243 2270
2243 2274
2243 2277
2243 2302
2243 2323
2243 2467
2243 2496
2244 2241
2245 2200
2245 2219
2245 2238
2245 2239
2245 2240
2245 2242
2245 2267
2245 2274
2245 2278
2245 2288
2245 2290
2245 2315
2245 2348
2245 2372
2245 2379
2245 2380
2245 2400
2245 2412
2245 2435
2245 2444
2245 2476
2246 2250
2247 2250
2248 2250
2249 2250
2250 2496
2251 2288
2251 2326
2251 2327
2251 2335
2251 2380
2251 2446
2251 2455
2252 2253
2256 2266
2256 2296
2258 2214
2258 2217
2258 2219
2258 2238
2258 2240
2258 2245
2258 2267
2258 2274
2258 2278
2258 2281
2258 2290
2258 2336
2258 2372
2258 2379
2258 2397
2258 2444
2258 2496
2263 2266
2264 2238
2264 2266
2264 2281
2264 2378
2265 2266
2267 2214
2267 2215
2267 2217
2267 2219
2267 2238
2267 2239
2267 2240
2267 2242
2267 2245
2267 2247
2267 2251
2267 2278
2267 2281
2267 2288
2267 2290
2267 2300
2267 2358
2267 2372
2267 2397
2267 2400
2267 2435
2267 2444
2267 2449
2267 2476
2268 2238
2268 2242
2268 2247
2268 2288
2268 2319
2269 2200
2269 2207
2269 2212
2269 2214
2269 2215
2269 2217
2269 2219
2269 2233
2269 2238
2269 2239
2269 2240
2269 2241
2269 2242
2269 2245
2269 2247
2269 2251
2269 2258
2269 2267
2269 2274
2269 2277
2269 2278
2269 2281
2269 2288
2269 2290
2269 2302
2269 2314
2269 2315
2269 2319
2269 2323
2269 2326
2269 2327
2269 2335
2269 2336
2269 2346
2269 2348
2269 2351
2269 2372
2269 2374
2269 2379
2269 2380
2269 2400
2269 2403
2269 2412
2269 2435
2269 2443
2269 2444
2269 2453
2269 2455
2269 2461
2269 2476
2269 2483
2269 2496
2269 2504
2270 2242
2270 2281
2270 2288
2270 2483
2271 2219
2271 2238
2271 2240
2271 2247
2271 2288
2271 2290
2272 2219
2272 2243
2272 2245
2272 2281
2272 2288
2272 2302
2272 2412
2272 2444
2272 2483
2273 2219
2273 2238
2273 2281
2273 2288
2273 2290
2273 2476
2274 2219
2274 2238
2274 2239
2274 2240
2274 2242
2274 2251
2274 2288
2274 2315
2274 2348
2274 2372
2274 2374
2274 2380
2274 2461
2274 2483
2274 2496
2275 2238
2275 2288
2275 2351
2276 2238
2276 2239
2276 2251
2276 2288
2277 2219
2277 2238
2277 2239
2277 2288
2277 2290
2277 2351
2277 2443
2277 2444
2278 2214
2278 2219
2278 2240
2278 2242
2278 2288
2278 2336
2278 2351
2278 2435
2279 2288
2280 2239
2280 2241
2280 2242
2280 2245
2280 2247
2280 2251
2280 2290
2280 2302
2280 2412
2280 2496
2281 2207
2281 2214
2281 2217
2281 2219
2281 2239
2281 2240
2281 2241
2281 2242
2281 2245
2281 2251
2281 2258
2281 2267
2281 2274
2281 2290
2281 2302
2281 2314
2281 2315
2281 2372
2281 2403
2281 2444
2281 2453
2281 2461
2281 2483
2281 2496
2281 2504
2283 2379
2283 2400
2283 2500
2284 2217
2284 2219
2284 2245
2284 2281
2284 2290
2284 2372
2284 2444
2284 2476
2285 2219
2285 2274
2285 2278
2285 2400
2286 2281
2286 2496
2287 2212
2287 2214
2287 2219
2287 2233
2287 2239
2287 2247
2287 2348
2287 2400
2287 2444
2287 2483
2287 2504
2288 2238
2289 2245
2290 2207
2290 2214
2290 2217
2290 2219
2290 2233
2290 2238
2290 2239
2290 2240
2290 2241
2290 2242
2290 2245
2290 2251
2290 2258
2290 2274
2290 2314
2290 2315
2290 2358
2290 2372
2290 2403
2290 2444
2290 2461
2290 2483
2290 2496
2290 2504
2295 2239
2295 2296
2295 2483
2297 2487
2300 2496
2302 2239
2302 2483
2308 2238
2311 2213
2311 2274
2311 2319
2311 2330
2311 2346
2311 2362
2311 2365
2311 2368
2311 2378
2311 2383
2311 2452
2311 2496
2312 2307
2313 2213
2313 2342
2313 2346
2313 2348
2313 2449
2314 2213
2314 2238
2314 2368
2314 2453
2314 2483
2315 2219
2315 2238
2315 2240
2315 2242
2315 2268
2315 2274
2315 2314
2315 2435
2315 2453
2315 2496
2322 2325
2323 2325
2324 2325
2327 2207
2327 2326
2327 2372
2327 2403
2330 2287
2330 2297
2330 2362
2330 2365
2330 2369
2330 2383
2330 2416
2330 2452
2330 2487
2330 2492
2330 2495
2331 2332
2335 2245
2335 2336
2335 2359
2336 2245
2336 2338
2336 2412
2337 2338
2339 2342
2339 2348
2339 2373
2339 2416
2339 2418
2339 2471
2339 2495
2340 2342
2341 2342
2341 2495
2343 2346
2344 2346
2345 2346
2347 2348
2348 2348
2349 2359
2350 2355
2351 2219
2351 2233
2351 2238
2351 2240
2351 2242
2351 2245
2351 2247
2351 2274
2351 2278
2351 2281
2351 2290
2351 2315
2351 2355
2351 2400
2351 2435
2351 2444
2351 2476
2351 2496
2352 2355
2352 2416
2352 2480
2352 2487
2353 2219
2353 2238
2353 2355
2353 2383
2353 2452
2354 2355
2356 2480
2358 2267
2358 2453
2360 2362
2361 2362
2363 2212
2363 2219
2367 2368
2369 2214
2369 2219
2369 2274
2370 2371
2370 2373
2371 2373
2372 2214
2372 2245
2372 2373
2374 2219
2374 2240
2374 2287
2374 2383
2374 2400
2374 2435
2374 2492
2379 2416
2380 2214
2380 2215
2380 2219
2380 2258
2380 2383
2380 2444
2380 2495
2381 2366
2381 2383
2381 2461
2382 2383
2382 2418
2385 2214
2385 2242
2385 2245
2385 2302
2385 2314
2385 2453
2385 2483
2387 2416
2387 2452
2387 2495
2388 2214
2388 2217
2388 2219
2388 2233
2388 2238
2388 2239
2388 2240
2388 2245
2388 2251
2388 2258
2388 2274
2388 2281
2388 2314
2388 2315
2388 2358
2388 2372
2388 2379
2388 2476
2388 2483
2388 2496
2391 2480
2397 2335
2397 2400
2397 2412
2397 2480
2398 2336
2399 2326
2399 2335
2399 2400
2402 2487
2403 2214
2403 2314
2403 2351
2403 2412
2403 2435
2403 2483
2403 2504
2404 2217
2406 2418
2406 2456
2407 2416
2407 2418
2407 2436
2410 2416
2412 2207
2412 2212
2412 2214
2412 2239
2412 2241
2412 2242
2412 2247
2412 2270
2412 2277
2412 2278
2412 2287
2412 2290
2412 2314
2412 2336
2412 2369
2412 2372
2412 2418
2412 2444
2412 2461
2412 2480
2412 2483
2412 2487
2412 2504
2413 2214
2413 2219
2413 2239
2413 2278
2413 2314
2413 2449
2413 2504
2414 2219
2414 2416
2415 2416
2417 2418
2418 2267
2419 2418
2420 2418
2421 2247
2421 2374
2421 2418
2421 2492
2422 2418
2435 2219
2435 2238
2435 2240
2435 2242
2435 2351
2435 2369
2435 2452
2437 2219
2442 2217
2443 2219
2443 2238
2443 2240
2443 2242
2443 2278
2444 2219
2445 2449
2445 2452
2446 2487
2449 2452
2451 2449
2453 2239
2453 2242
2453 2314
2453 2453
2453 2502
2455 2219
2455 2233
2455 2238
2455 2416
2455 2456
2455 2471
2455 2480
2455 2481
2455 2495
2455 2500
2455 2502
2457 2416
2457 2457
2458 2416
2459 2416
2460 2416
2461 2238
2461 2251
2461 2480
2461 2483
2463 2233
2463 2366
2463 2412
2464 2369
2466 2242
2466 2287
2467 2214
2467 2217
2467 2219
2467 2239
2467 2242
2467 2245
2467 2251
2467 2274
2467 2281
2467 2302
2467 2397
2467 2444
2467 2461
2467 2483
2467 2496
2467 2500
2468 2274
2468 2315
2469 2471
2470 2471
2472 2245
2472 2492
2473 2240
2473 2278
2473 2379
2473 2400
2475 2287
2475 2369
2475 2487
2475 2490
2475 2495
2475 2500
2476 2219
2476 2245
2476 2323
2476 2351
2477 2480
2478 2240
2478 2412
2478 2480
2479 2480
2483 2219
2483 2233
2483 2302
2483 2314
2483 2351
2483 2379
2483 2400
2484 2487
2485 2487
2486 2487
2488 2238
2488 2239
2488 2241
2488 2247
2488 2314
2488 2403
2488 2461
2488 2476
2488 2483
2488 2490
2488 2504
2489 2490
2491 2207
2491 2233
2491 2239
2491 2240
2491 2241
2491 2242
2491 2245
2491 2258
2491 2274
2491 2277
2491 2278
2491 2287
2491 2323
2491 2336
2491 2348
2491 2351
2491 2403
2491 2412
2491 2435
2491 2444
2491 2461
2491 2483
2491 2490
2491 2492
2491 2504
2492 2200
2492 2239
2492 2243
2492 2278
2492 2490
2493 2241
2493 2495
2494 2495
2495 2200
2495 2207
2495 2214
2495 2233
2495 2239
2495 2270
2495 2277
2495 2314
2495 2323
2495 2348
2495 2366
2495 2374
2495 2380
2495 2403
2495 2412
2495 2443
2495 2461
2495 2483
2495 2496
2495 2504
2497 2336
2497 2500
2497 2504
2498 2497
2499 2212
2499 2497
2501 2379
2504 2239
2504 2243
2509 2379
2510 2239
2510 2240
2510 2242
2510 2277
2510 2372
2512 2483
2515 2287
2516 2212
2517 2379
2518 2219
2518 2374
2519 2245
2519 2247
2519 2372
2519 2400
2524 2219
2524 2240
2524 2281
2525 2212
2525 2240
2525 2247
2525 2287
2525 2297
2525 2400
2525 2492
2526 2239
2527 2239
2527 2245
2527 2251
2527 2274
2527 2327
2527 2335
2528 2239
2528 2240
2528 2242
2528 2245
2528 2251
2528 2258
2528 2274
2528 2278
2528 2287
2528 2297
2528 2302
2528 2315
2528 2369
2528 2496
2529 2369
2533 2287
2534 2242
2534 2287
2535 2287
2536 2217
2536 2287
2536 2496
2537 2287
2538 2217
2538 2219
2538 2238
2538 2278
2538 2281
2538 2287
2538 2290
2538 2379
2538 2400
2538 2444
2538 2476
2539 2287
2540 2287
2541 2219
2541 2238
2541 2239
2541 2245
2541 2251
2541 2314
2541 2315
2541 2435
2541 2453
2541 2483
2541 2496
2542 2297
2543 2219
2543 2238
2543 2239
2543 2240
2543 2245
2543 2251
2543 2258
2543 2267
2543 2274
2543 2277
2543 2278
2543 2281
2543 2315
2543 2323
2543 2372
2543 2412
2543 2461
2543 2483
2543 2496
2544 2335
2544 2380
2545 2214
2545 2217
2545 2219
2545 2238
2545 2239
2545 2240
2545 2242
2545 2245
2545 2258
2545 2267
2545 2274
2545 2403
2545 2412
2545 2483
2548 2219
2548 2238
2548 2239
2548 2240
2548 2242
2548 2245
2548 2274
2548 2278
2548 2435
2548 2444
2549 2238
2549 2242
2549 2247
2549 2258
2549 2290
2549 2300
2549 2315
2549 2336
2549 2351
2549 2366
2549 2403
2549 2435
2549 2444
2549 2453
2550 2239
2550 2242
2550 2258
2550 2274
2550 2278
2550 2372
2550 2379
2550 2400
2550 2403
2550 2444
2550 2483
2551 2219
2551 2412
2551 2444
2552 2444
2553 2245
2553 2372
2554 2238
2556 2219
2556 2238
2556 2245
2556 2483
2558 2278
2562 2300
2562 2453
2567 2238
2567 2239
2569 2214
2569 2238
2569 2239
2569 2240
2569 2251
2569 2258
2569 2274
2569 2314
2570 2217
2570 2239
2570 2242
2570 2251
2570 2372
2570 2496
2571 2374
2572 2219
2572 2238
2572 2239
2572 2277
2572 2278
2575 2278
2575 2290
2575 2379
2575 2400
2575 2476
2581 2217
2581 2219
2581 2240
2581 2247
2581 2278
2581 2302
2581 2400
2582 2219
2582 2238
2582 2242
2582 2245
2582 2372
2582 2504
2588 2219
2588 2483
2591 2242
2591 2302
2591 2314
2591 2351
2593 2336
2594 2277
2594 2278
2596 2219
2597 2302
2597 2412
2599 2219
2599 2270
2599 2278
2599 2281
2599 2290
2599 2327
2599 2380
2602 2219
2602 2290
2602 2379
2603 2278
2604 2219
2604 2240
2604 2247
2604 2278
2604 2281
2604 2290
2604 2400
2604 2476
2607 2374
2610 2239
2610 2461
2611 2240
2611 2278
2620 2379
2621 2219
2621 2379
2622 2268
2624 2219
2625 2219
2625 2238
2625 2242
2625 2268
2625 2315
2627 2219
2627 2242
2627 2258
2627 2274
2629 2219
2639 2240
2639 2243
2639 2435
2640 2214
2640 2219
2640 2240
2640 2242
2640 2245
2640 2267
2640 2274
2640 2281
2640 2290
2640 2372
2640 2400
2640 2412
2640 2496
2642 2278
2643 2278
2644 2240
2644 2251
2644 2258
2644 2278
2644 2372
2646 2238
2646 2240
2646 2335
2647 2300
2648 2300
2654 2219
2654 2240
2656 2240
2656 2247
2662 2219
2662 2233
2662 2239
2662 2240
2662 2241
2662 2323
2662 2403
2662 2483
2663 2242
2664 2336
2667 2214
2667 2239
2667 2242
2667 2277
2667 2302
2669 2240
2669 2245
2669 2314
2669 2400
2669 2483
2670 2240
2671 2240
2672 2238
2672 2240
2673 2240
2674 2240
2675 2240
2676 2240
2677 2240
2678 2240
2680 2374
2680 2380
2680 2400
2681 2239
2681 2241
2681 2245
2681 2274
2681 2277
2681 2380
2681 2412
2683 2238
2683 2242
2683 2281
2683 2302
2683 2400
2683 2453
2684 2400
2685 2400
2686 2207
2686 2400
2687 2400
2688 2238
2688 2247
2688 2281
2689 2247
2690 2247
2692 2219
2692 2242
2692 2245
2692 2270
2692 2281
2696 2219
2698 2238
2698 2351
2698 2372
2707 2335
2719 2219
2721 2219
2721 2241
2721 2258
2721 2274
2721 2281
2721 2302
2723 2219
2724 2314
2724 2351
2726 2219
2726 2240
2726 2242
2726 2245
2726 2258
2726 2267
2726 2302
2726 2412
2728 2219
2728 2238
2730 2238
2730 2245
2732 2476
2733 2219
2734 2219
2735 2219
2736 2219
2737 2219
2738 2219
2739 2215
2739 2219
2739 2366
2739 2397
2740 2219
2740 2242
2741 2207
2741 2219
2741 2239
2741 2241
2741 2251
2741 2302
2741 2314
2741 2483
2742 2219
2743 2219
2744 2219
2746 2238
2746 2315
2747 2217
2749 2238
2749 2314
2749 2315
2749 2380
2750 2214
2750 2217
2750 2245
2750 2268
2750 2302
2750 2372
2750 2435
2750 2453
2750 2483
2750 2496
2754 2241
2754 2483
2758 2242
2758 2258
2761 2217
2761 2242
2761 2274
2761 2351
2766 2243
2768 2238
2769 2238
2770 2238
2771 2238
2771 2403
2771 2483
2772 2238
2773 2214
2773 2238
2773 2314
2780 2239
2780 2251
2781 2239
2781 2412
2781 2483
2784 2242
2784 2245
2784 2258
2785 2233
2793 2217
2793 2245
2793 2372
2794 2242
2796 2251
2797 2214
2797 2380
2797 2412
2799 2214
2799 2233
2799 2239
2799 2241
2799 2242
2799 2245
2799 2251
2799 2270
2799 2274
2799 2277
2799 2302
2799 2314
2799 2315
2799 2323
2799 2348
2799 2351
2799 2372
2799 2374
2799 2412
2799 2461
2799 2483
2799 2496
2799 2504
2807 2242
2807 2336
2810 2314
2810 2504
2812 2239
2812 2242
2812 2302
2812 2314
2812 2403
2812 2453
2812 2483
2814 2240
2815 2242
2816 2239
2816 2245
2816 2251
2817 2240
2817 2242
2817 2245
2817 2302
2818 2217
2818 2335
2818 2346
2818 2372
2818 2397
2818 2467
2820 2239
2824 2233
2824 2242
2824 2412
2826 2200
2826 2277
2826 2374
2827 2245
2828 2214
2828 2242
2828 2374
2830 2233
2830 2239
2830 2242
2830 2245
2830 2268
2830 2274
2830 2302
2830 2314
2830 2315
2830 2336
2830 2351
2830 2435
2830 2453
2830 2461
2830 2483
2838 2217
2838 2270
2838 2323
2838 2336
2838 2372
2838 2374
2838 2380
2839 2217
2839 2240
2839 2242
2839 2251
2839 2274
2839 2302
2839 2315
2839 2372
2839 2374
2839 2443
2839 2496
2845 2239
2845 2242
2845 2374
2845 2443
2845 2461
2847 2245
2849 2336
2849 2366
2854 2214
2854 2215
2854 2239
2854 2241
2854 2242
2854 2251
2854 2258
2854 2274
2854 2315
2854 2372
2854 2412
2854 2461
2855 2274
2857 2200
2857 2243
2857 2335
2857 2336
2857 2374
2857 2380
2857 2412
2859 2200
2859 2233
2859 2270
2859 2277
2859 2323
2859 2326
2859 2327
2859 2335
2859 2336
2859 2348
2859 2366
2859 2374
2859 2380
2859 2397
2859 2412
2859 2443
2859 2448
2859 2455
2860 2323
2860 2412
2861 2207
2861 2239
2861 2366
2861 2412
2861 2461
2861 2483
2861 2504
2862 2200
2862 2277
2862 2323
2862 2327
2862 2348
2862 2380
2862 2412
2863 2200
2863 2233
2863 2270
2863 2277
2863 2323
2863 2327
2863 2336
2863 2366
2863 2374
2863 2380
2863 2412
2864 2207
2864 2214
2864 2239
2864 2242
2864 2274
2864 2323
2864 2336
2864 2351
2864 2403
2864 2412
2864 2448
2864 2461
2864 2483
2864 2504
2865 2277
2865 2336
2865 2348
2865 2412
2866 2207
2866 2243
2866 2270
2866 2277
2866 2323
2866 2336
2866 2348
2866 2366
2866 2374
2866 2380
2866 2412
2867 2207
2867 2214
2867 2242
2867 2267
2867 2348
2867 2366
2867 2374
2867 2397
2867 2412
2868 2242
2868 2267
2868 2302
2868 2412
2868 2483
2869 2327
2869 2455
2871 2323
2871 2348
2871 2366
2872 2277
2872 2323
2872 2374
2872 2412
2873 2351
2873 2366
2873 2412
2879 2267
2880 2217
2880 2240
2880 2251
2880 2258
2880 2274
2880 2496
2884 2351
2885 2214
2885 2217
2885 2239
2885 2240
2885 2258
2885 2268
2885 2302
2885 2314
2885 2315
2886 2268
2886 2274
2886 2336
2887 2207
2887 2214
2887 2233
2887 2239
2887 2242
2887 2251
2887 2461
2887 2483
2887 2504
2888 2240
2888 2242
2888 2245
2888 2302
2888 2336
2888 2496
2889 2239
2889 2245
2889 2267
2890 2240
2891 2240
2891 2242
2891 2258
2891 2380
2894 2241
2899 2217
2899 2245
2900 2200
2900 2336
2902 2217
2904 2245
2907 2239
2907 2504
2908 2245
2911 2242
2912 2214
2912 2242
2912 2267
2912 2274
2912 2314
2912 2380
2912 2412
2914 2467
2915 2397
2915 2483
2916 2242
2916 2274
2916 2302
2916 2496
2918 2242
2918 2453
2919 2240
2920 2214
2920 2242
2920 2267
2920 2302
2920 2346
2921 2496
2923 2245
2925 2302
2925 2315
2926 2239
2927 2251
2930 2245
2931 2245
2932 2233
2932 2241
2932 2242
2932 2245
2932 2251
2932 2267
2932 2302
2932 2314
2932 2403
2932 2435
2932 2453
2932 2483
2933 2245
2934 2242
2934 2245
2935 2242
2935 2245
2936 2245
2942 2239
2943 2483
2944 2251
2944 2274
2944 2314
2944 2496
2945 2267
2945 2302
2946 2358
2947 2358
2948 2239
2948 2251
2948 2453
2949 2251
2950 2214
2950 2242
2950 2251
2950 2258
2950 2302
2950 2314
2950 2483
2950 2496
2951 2251
2952 2251
2953 2251
2954 2251
2955 2214
2955 2240
2955 2242
2955 2251
2955 2504
2956 2207
2956 2239
2956 2242
2956 2323
2956 2374
2956 2380
2956 2403
2956 2412
2956 2435
2956 2461
2956 2483
2956 2504
2958 2239
2958 2397
2958 2412
2958 2504
2965 2242
2965 2315
2968 2243
2968 2335
2968 2467
2970 2242
2970 2453
2971 2348
2973 2240
2973 2374
2973 2397
2977 2277
2977 2315
2978 2240
2979 2258
2980 2242
2980 2277
2980 2335
2983 2453
2986 2397
2988 2258
2988 2315
2989 2240
2989 2242
2989 2258
2989 2274
2989 2496
2991 2200
2991 2270
2991 2302
2991 2326
2991 2327
2991 2336
2991 2348
2991 2374
2991 2380
2991 2403
2991 2443
2991 2483
2992 2214
2992 2233
2992 2239
2992 2241
2992 2242
2992 2267
2992 2314
2992 2323
2992 2403
2992 2412
2992 2461
2992 2504
2998 2242
2998 2302
2998 2315
2999 2214
2999 2239
2999 2241
2999 2242
2999 2314
2999 2380
2999 2412
2999 2435
2999 2443
2999 2496
2999 2504
3001 2302
3002 2207
3002 2242
3002 2314
3002 2453
3002 2483
3003 2214
3003 2239
3003 2351
3003 2403
3005 2242
3005 2314
3005 2453
3006 2326
3006 2380
3007 2241
3007 2314
3007 2323
3007 2461
3007 2483
3008 2335
3011 2323
3011 2412
3013 2239
3013 2277
3013 2314
3013 2351
3013 2374
3013 2380
3013 2397
3013 2403
3013 2435
3013 2443
3013 2448
3013 2455
3013 2483
3014 2200
3014 2215
3014 2243
3014 2327
3014 2335
3014 2336
3014 2455
3015 2200
3015 2214
3016 2233
3016 2239
3016 2314
3016 2403
3016 2483
3017 2242
3017 2483
3017 2504
3023 2274
3025 2274
3026 2274
3027 2274
3028 2215
3028 2274
3028 2335
3028 2443
3028 2461
3029 2302
3029 2403
3029 2483
3030 2214
3030 2239
3030 2277
3030 2435
3030 2453
3030 2483
3031 2214
3031 2314
3031 2453
3035 2243
3036 2241
3036 2336
3036 2380
3036 2403
3036 2412
3036 2461
3036 2504
3040 2315
3041 2315
3042 2315
3043 2315
3044 2267
3044 2302
3045 2242
3048 2214
3048 2239
3048 2241
3048 2242
3048 2267
3048 2403
3048 2504
3049 2240
3050 2240
3051 2240
3052 2240
3053 2240
3054 2240
3055 2240
3056 2240
3057 2240
3057 2243
3057 2270
3057 2374
3070 2239
3070 2403
3070 2483
3074 2483
3075 2242
3077 2207
3077 2233
3077 2239
3077 2314
3077 2403
3077 2461
3077 2483
3077 2504
3078 2242
3079 2241
3081 2335
3081 2443
3082 2336
3082 2351
3084 2302
3092 2239
3092 2277
3092 2351
3092 2412
3092 2483
3093 2412
3095 2214
3096 2214
3096 2412
3098 2242
3100 2242
3101 2242
3102 2242
3103 2242
3104 2242
3105 2242
3105 2435
3105 2453
3106 2242
3107 2242
3112 2314
3112 2397
3116 2453
3116 2483
3124 2483
3124 2504
3125 2200
3125 2314
3125 2483
3126 2207
3126 2214
3126 2239
3126 2243
3126 2277
3126 2302
3126 2335
3126 2346
3126 2351
3126 2412
3126 2443
3126 2483
3128 2302
3129 2207
3129 2277
3130 2323
3130 2348
3130 2366
3130 2412
3132 2403
3140 2207
3140 2336
3140 2412
3144 2241
3144 2314
3144 2366
3144 2374
3144 2412
3144 2443
3144 2483
3144 2504
3145 2200
3145 2233
3145 2239
3145 2336
3145 2380
3146 2239
3146 2314
3146 2483
3146 2504
3147 2241
3150 2403
3150 2483
3154 2435
3162 2453
3163 2453
3164 2214
3171 2241
3173 2214
3173 2239
3173 2277
3173 2326
3173 2412
3201 2314
3201 2403
3204 2323
3213 2314
3213 2385
3214 2412
3214 2483
3215 2233
3218 2346
3218 2412
3218 2504
3222 2239
3237 2314
3237 2483
3238 2214
3238 2233
3239 2239
3239 2241
3239 2314
3239 2403
3239 2483
3244 2323
3245 2214
3246 2214
3247 2214
3247 2380
3248 2214
3248 2241
3248 2314
3249 2403
3251 2233
3251 2239
3251 2335
3251 2351
3255 2270
3255 2335
3255 2374
3255 2467
3258 2403
3258 2435
3258 2461
3259 2336
3259 2412
3260 2351
3265 2336
3268 2241
3268 2336
3268 2366
3268 2483
3273 2314
3274 2314
3275 2314
3276 2314
3277 2314
3279 2241
3280 2241
3280 2403
3281 2241
3290 2504
3300 2200
3300 2239
3300 2277
3300 2336
3300 2348
3300 2380
3300 2403
3300 2483
3300 2504
3301 2483
3303 2239
3303 2504
3304 2200
3304 2327
3304 2351
3304 2412
3306 2239
3306 2403
3306 2461
3306 2483
3306 2504
3308 2366
3308 2412
3309 2270
3309 2277
3309 2327
3309 2336
3309 2346
3309 2348
3309 2366
3309 2397
3309 2412
3309 2455
3310 2346
3310 2348
3317 2348
3317 2351
3317 2412
3320 2336
3323 2448
3323 2455
3325 2207
3325 2215
3325 2233
3325 2239
3325 2323
3325 2348
3325 2412
3325 2461
3325 2483
3325 2504
3330 2200
3330 2233
3330 2239
3330 2374
3330 2403
3330 2443
3330 2483
3330 2504
3331 2374
3332 2277
3332 2323
3333 2239
3333 2327
3333 2336
3333 2351
3333 2366
3333 2403
3333 2412
3334 2239
3334 2277
3334 2323
3334 2403
3334 2412
3334 2483
3336 2277
3336 2461
3336 2483
3337 2239
3337 2277
3337 2366
3337 2374
3337 2380
3352 2335
3352 2336
3352 2455
3359 2412
3362 2483
3362 2504
3363 2483
3366 2207
3366 2351
3366 2366
3367 2207
3367 2366
3367 2435
3370 2412
3371 2461
3371 2483
3378 2483
3379 2461
3381 2207
3381 2233
3381 2326
3381 2380
3381 2403
3381 2461
3385 2207
3385 2233
3387 2335
3387 2336
3387 2351
3387 2483
3393 2336
3394 2277
3394 2323
3394 2336
3394 2412
3395 2233
3395 2412
3398 2239
3416 2403
3417 2403
3418 2403
3437 2233
3437 2277
3437 2351
3437 2366
3437 2467
3438 2336
3442 2277
3442 2323
3442 2351
3442 2366
3442 2374
3442 2380
3442 2412
3445 2351
3445 2412
3463 2461
3464 2461
3465 2461
3466 2366
3466 2461
3467 2448
3478 2207
3480 2277
3481 2200
3481 2374
3481 2380
3481 2443
3500 2200
3500 2335
3500 2374
3500 2380
3500 2397
3500 2443
3500 2455
3505 2412
3536 2374
3536 2380
3538 2374
3538 2380
3540 2207
3545 2412
3555 2412
3555 2448
3557 2412
3579 2277
3579 2412
3582 2233
3585 2277
3585 2412
3586 2412
3587 2412
3588 2412
3589 2412
3590 2412
3591 2397
3591 2412
3592 2412
3593 2412
3594 2412
3595 2412
3596 2397
3596 2412
3597 2412
3598 2412
3599 2412
3600 2270
3600 2336
3600 2348
3600 2366
3600 2374
3600 2412
3600 2443
3601 2412
3601 2443
3602 2412
3603 2412
3604 2412
3605 2412
3606 2412
3607 2374
3607 2412
3607 2443
3637 2243
3637 2270
3637 2327
3641 2243
3641 2270
3642 2336
3646 2336
3655 2351
3663 2336
3668 2380
3675 2323
3675 2336
3676 2326
3676 2374
3676 2380
3685 2366
3688 2351
3690 2215
3701 2336
3708 2323
3708 2374
3709 2323
3727 2336
3731 2243
3731 2270
3731 2335
3731 2443
3731 2455
3731 2467
3740 2277
3745 2200
3745 2270
3745 2374
3745 2380
3745 2443
3750 2366
3751 2448
3762 2215
3762 2335
3766 2277
3767 2351
3767 2366
3768 2270
3768 2336
3770 2277
3770 2336
3770 2348
3770 2366
3792 2380
3792 2397
3792 2443
3797 2243
3797 2380
3798 2270
3798 2374
3798 2443
3800 2351
3802 2348
3802 2366
3817 2374
3819 2277
3820 2336
3833 2215
3852 2243
3867 2326
3867 2380
3878 2200
3878 2336
3878 2380
3878 2455
3882 2335
3882 2374
3882 2455
3883 2270
3883 2374
3883 2443
3885 2336
3910 2270
3910 2336
3922 2467
3929 2277
3930 2277
3931 2270
3931 2277
3931 2326
3931 2374
3931 2455
3933 2270
3933 2335
3933 2374
3933 2380
3933 2443
3933 2467
3966 2348
3967 2374
3970 2397
3974 2200
3974 2243
3974 2270
3974 2326
3974 2348
3974 2374
3974 2380
3974 2443
3975 2448
3976 2448
3985 2270
3985 2326
3986 2200
3986 2215
3986 2270
3986 2326
3986 2327
3986 2335
3986 2336
3986 2346
3986 2374
3986 2380
3986 2443
3986 2455
3988 2374
3992 2270
3998 2335
3999 2243
3999 2270
3999 2348
3999 2443
4000 2336
4013 2397
4013 2467
4014 2336
4015 2336
4016 2336
4016 2380
4017 2374
4020 2326
4023 2336
4024 2336
4025 2336
4027 2374
4028 2215
4028 2335
4028 2446
4032 2374
4036 2348
4037 2348
4038 2348
4051 2335
4051 2467
4062 2467
4070 2200
4070 2335
4070 2380
4070 2443
4088 2380
4088 2455
4090 2327
4090 2346
4091 2335
4091 2346
4091 2397
4094 2397
4096 2346
4096 2374
4096 2443
4103 2326
4106 2335
4106 2336
4106 2443
4115 2327
4116 2215
4116 2270
4119 2397
4127 2270
4127 2374
4127 2443
4130 2215
4136 2326
4138 2336
4140 2326
4140 2380
4141 2200
4141 2326
4141 2327
4141 2374
4141 2380
4142 2215
4142 2455
4143 2455
4144 2200
4144 2215
4144 2326
4144 2327
4144 2335
4144 2397
4144 2455
4145 2200
4145 2327
4145 2336
4146 2200
4146 2326
4146 2380
4149 2200
4149 2326
4149 2374
4149 2380
4150 2200
4153 2200
4153 2326
4153 2336
4153 2346
4153 2380
4154 2200
4154 2215
4154 2326
4154 2335
4154 2374
4154 2380
4154 2443
4154 2455
4155 2200
4155 2326
4155 2380
4155 2443
4156 2326
4161 2335
4163 2270
4164 2243
4164 2467
4170 2443
4187 2443
4187 2467
4195 2215
4195 2374
4202 2270
4203 2270
4207 2200
4207 2327
4207 2336
4207 2346
4207 2380
4223 2374
4229 2346
4230 2374
4233 2200
4233 2467
4244 2380
4245 2336
4246 2443
4247 2443
4248 2443
4262 2243
4276 2374
4277 2374
4278 2374
4286 2346
4287 2346
4288 2346
4291 2326
4321 2467
4323 2455
4330 2327
4330 2455
4334 2397
4347 2380
4354 2380
4361 2380
4366 2326
4366 2380
4396 2243
4396 2335
4396 2346
4396 2397
4396 2455
4396 2467
4402 2335
4402 2455
4402 2467
4404 2380
4405 2380
4406 2380
4407 2380
4411 2243
4411 2327
4411 2335
4411 2397
4411 2455
4411 2467
4432 2326
4433 2326
4434 2326
4435 2326
4435 2327
4436 2326
4436 2335
4436 2346
4436 2397
4436 2455
4437 2326
4437 2327
4438 2215
4438 2326
4441 2335
4441 2446
4452 2200
4458 2336
4461 2336
4508 2336
4512 2335
4512 2446
4513 2215
4513 2335
4513 2346
4526 2335
4526 2397
4539 2327
4567 2346
4571 2336
4573 2336
4574 2336
4575 2336
4575 2455
4580 2243
4580 2335
4580 2397
4580 2455
4580 2467
4584 2243
4584 2346
4586 2215
4586 2243
4586 2346
4586 2397
4586 2467
4591 2467
4595 2346
4598 2397
4598 2467
4600 2335
4600 2397
4605 2397
4606 2467
4607 2335
4631 2327
4631 2397
4672 2397
4687 2335
4690 2327
4726 2215
4731 2467
4739 2335
4747 2327
4752 2243
4752 2397
4760 2243
4782 2455
4786 2243
4797 2346
4812 2215
4839 2335
4849 2243
4869 2215
4881 2215
4898 2397
4918 2397
4920 2215
4923 2397
4923 2467
4938 2215
4938 2346
4938 2397
4943 2215
4945 2335
4947 2397
4948 2335
4951 2346
4951 2397
4961 2335
4962 2335
4963 2335
4964 2335
4965 2335
5000 2215
5016 2215
5016 2346
5016 2397
5036 2215
5038 2215
5045 2215
5048 2215
5049 2397
5051 2397
5051 2467
5053 2215
5059 2467
5081 2397
5105 2467
5111 2346
5111 2397
5138 2243
5146 2215
5151 2346
5155 2346
5155 2397
5155 2467
5158 2346
5159 2397
5159 2467
5160 2346
5160 2397
5161 2397
5162 2215
5162 2243
5162 2397
5162 2467
5163 2215
5164 2215
5191 2243
5191 2346
5199 2243
5221 2346
5221 2397
5221 2467
5225 2467
5269 2243
5346 2243
5348 2397
5350 2397
5350 2467
5351 2243
5351 2346
5351 2397
5357 2346
5358 2243
5358 2397
5360 2243
5372 2346
5372 2467
5376 2397
5380 2467
5383 2243
5397 2397
5406 2397
5424 2243
5433 2243
5456 2243
5460 2397
5460 2467
5477 2243
5481 2243
5481 2397
5485 2346
5485 2397
5490 2346
5494 2346
5494 2397
5495 2346
5495 2397
5517 2243
5518 2397
5523 2397
5564 2346
5565 2346
5600 2397
5601 2397
5602 2397
5617 2243
5618 2243
5633 2243
5640 2467
5657 2467
5677 2467
5680 2467
5681 2243
5681 2467
5682 2243
5682 2467
5683 2467
5712 2243
5733 2243
5785 2243
5847 2243
5879 2243
5915 2243
5973 2243
5985 2243
6001 2243
6003 2243
6063 2243
