3 3196
3 3301
8 3140
8 3141
8 3144
8 3156
8 3165
8 3168
8 3182
8 3196
8 3205
8 3223
8 3232
8 3244
8 3245
8 3253
8 3256
8 3284
8 3285
8 3291
8 3293
8 3304
8 3307
8 3308
8 3316
8 3319
8 3325
8 3332
8 3342
8 3353
8 3367
8 3399
8 3413
8 3430
8 3438
9 3165
9 3452
11 3316
11 3413
12 3301
17 3413
21 3165
21 3173
21 3201
21 3205
21 3211
21 3304
24 3308
24 3421
24 3423
26 3165
26 3284
26 3291
26 3342
26 3353
33 3325
33 3352
33 3430
34 3259
41 3145
44 3236
50 3284
50 3352
50 3399
56 3141
65 3140
65 3141
65 3196
65 3200
65 3245
65 3285
65 3304
65 3314
65 3316
65 3325
65 3352
65 3367
65 3399
65 3413
65 3430
65 3438
66 3196
66 3256
66 3301
67 3301
72 3144
78 3256
78 3316
78 3352
79 3184
79 3196
79 3200
79 3249
79 3301
79 3352
79 3358
79 3367
79 3423
81 3423
88 3331
98 3156
98 3200
98 3249
98 3301
98 3352
101 3223
101 3301
104 3144
104 3165
104 3168
104 3182
104 3191
104 3205
104 3223
104 3245
104 3256
104 3259
104 3285
104 3307
104 3352
104 3361
104 3399
104 3423
104 3430
108 3301
108 3413
115 3200
115 3217
115 3352
120 3301
122 3256
124 3256
137 3236
137 3301
137 3423
137 3452
142 3144
142 3196
143 3156
143 3165
143 3200
143 3301
143 3367
147 3200
166 3159
166 3205
194 3301
215 3159
215 3358
220 3325
231 3301
238 3285
238 3413
238 3430
238 3452
251 3144
251 3168
251 3259
251 3284
251 3305
251 3381
251 3399
253 3452
255 3253
256 3165
256 3196
256 3255
256 3259
256 3304
256 3332
256 3351
256 3352
258 3236
260 3301
262 3301
264 3156
264 3165
264 3173
264 3200
264 3211
264 3245
264 3304
264 3352
264 3353
270 3253
275 3196
278 3413
279 3301
279 3423
279 3453
290 3191
295 3236
298 3358
304 3358
310 3253
310 3358
321 3358
332 3409
332 3413
344 3159
344 3301
349 3145
361 3325
363 3409
363 3413
368 3301
368 3316
368 3367
388 3141
388 3144
388 3156
388 3165
388 3168
388 3173
388 3182
388 3191
388 3200
388 3211
388 3244
388 3245
388 3249
388 3259
388 3284
388 3285
388 3301
388 3304
388 3305
388 3308
388 3325
388 3351
388 3352
388 3367
388 3423
388 3450
388 3452
393 3144
393 3232
393 3253
407 3301
442 3236
442 3301
442 3352
442 3423
451 3367
475 3305
477 3144
477 3244
477 3304
477 3332
477 3438
494 3159
494 3249
494 3301
494 3331
494 3423
495 3453
521 3352
522 3196
522 3305
522 3352
525 3301
531 3182
531 3301
531 3361
531 3413
543 3358
548 3200
548 3211
548 3249
548 3304
548 3352
552 3301
565 3253
566 3223
572 3141
572 3196
572 3284
572 3351
572 3430
574 3256
574 3301
574 3308
574 3352
574 3438
593 3142
595 3200
595 3301
600 3423
610 3164
610 3301
610 3308
610 3325
610 3331
614 3308
614 3453
620 3184
620 3196
620 3256
620 3301
620 3367
630 3259
631 3140
631 3259
634 3140
634 3144
634 3145
634 3156
634 3164
634 3165
634 3173
634 3184
634 3191
634 3200
634 3201
634 3211
634 3244
634 3245
634 3249
634 3255
634 3259
634 3284
634 3285
634 3304
634 3305
634 3307
634 3308
634 3316
634 3325
634 3332
634 3352
634 3353
634 3367
634 3381
634 3399
634 3409
634 3413
634 3423
634 3438
637 3358
651 3196
651 3259
651 3285
651 3413
655 3200
655 3236
655 3430
656 3156
656 3165
656 3173
656 3200
656 3301
656 3304
656 3352
656 3353
656 3367
656 3438
656 3442
657 3301
661 3301
678 3168
678 3173
678 3253
678 3259
678 3305
678 3307
678 3316
678 3367
678 3381
678 3399
678 3413
685 3358
687 3173
690 3159
690 3196
690 3211
690 3223
690 3255
690 3256
690 3259
690 3301
690 3307
690 3319
690 3352
690 3353
690 3358
690 3367
690 3423
692 3236
697 3168
701 3249
703 3316
703 3358
712 3236
712 3301
714 3184
714 3259
714 3409
714 3413
716 3249
736 3144
736 3165
736 3182
736 3196
736 3200
736 3244
736 3259
736 3284
736 3304
736 3308
736 3367
736 3399
736 3423
736 3438
751 3165
751 3301
773 3141
789 3284
792 3304
792 3413
799 3430
809 3301
816 3236
816 3301
816 3423
823 3319
827 3256
829 3141
829 3144
829 3168
829 3196
829 3205
829 3223
829 3232
829 3256
829 3285
829 3301
834 3223
834 3256
835 3189
835 3196
835 3285
837 3140
837 3145
837 3200
837 3245
837 3316
837 3351
837 3413
843 3331
846 3301
860 3399
872 3301
876 3244
879 3223
886 3409
886 3413
889 3301
889 3352
889 3409
894 3144
894 3244
894 3284
895 3184
896 3438
897 3284
903 3156
903 3164
903 3325
903 3352
904 3316
904 3413
923 3223
923 3367
932 3325
932 3423
933 3159
941 3413
946 3182
946 3361
947 3140
947 3144
947 3165
947 3173
947 3184
947 3201
947 3244
947 3245
947 3259
947 3284
947 3301
947 3304
947 3305
947 3308
947 3316
947 3325
947 3332
947 3353
947 3358
947 3367
947 3409
947 3423
947 3438
950 3173
950 3201
950 3305
950 3352
950 3399
957 3301
962 3284
963 3141
963 3164
963 3189
963 3196
963 3200
963 3205
963 3223
963 3232
963 3249
963 3284
963 3301
963 3308
963 3325
963 3331
963 3352
963 3353
963 3367
963 3413
963 3423
963 3438
963 3453
972 3184
972 3352
973 3301
974 3141
974 3144
974 3156
974 3184
974 3196
974 3200
974 3211
974 3259
974 3284
974 3301
974 3304
974 3305
974 3325
974 3352
974 3367
974 3430
975 3259
977 3141
977 3182
988 3284
988 3304
988 3438
989 3245
1000 3358
1008 3165
1008 3173
1008 3301
1008 3423
1011 3352
1014 3141
1014 3223
1014 3245
1014 3259
1014 3301
1015 3314
1015 3381
1019 3184
1024 3141
1024 3205
1024 3244
1039 3141
1043 3205
1049 3165
1049 3184
1064 3256
1073 3196
1073 3244
1073 3285
1079 3316
1081 3189
1081 3191
1087 3236
1094 3144
1094 3168
1094 3191
1094 3205
1094 3307
1094 3316
1094 3399
1107 3182
1107 3253
1107 3399
1138 3159
1141 3145
1141 3430
1153 3156
1153 3165
1153 3191
1153 3211
1153 3245
1153 3249
1153 3258
1153 3316
1153 3331
1153 3352
1153 3367
1153 3413
1153 3452
1154 3351
1160 3200
1162 3413
1163 3413
1164 3301
1164 3352
1164 3413
1174 3196
1174 3256
1195 3141
1204 3165
1204 3256
1204 3316
1237 3452
1238 3196
1243 3353
1243 3438
1245 3145
1245 3200
1245 3211
1245 3285
1245 3352
1245 3367
1245 3423
1248 3205
1248 3256
1248 3331
1262 3200
1262 3291
1262 3301
1262 3304
1262 3307
1262 3399
1266 3156
1266 3196
1266 3304
1266 3331
1270 3351
1270 3423
1276 3259
1288 3316
1289 3140
1289 3141
1289 3144
1289 3168
1289 3205
1289 3232
1289 3244
1289 3259
1289 3284
1289 3332
1289 3413
1302 3144
1302 3200
1302 3244
1302 3284
1302 3291
1303 3291
1307 3184
1307 3196
1307 3200
1307 3211
1307 3253
1307 3259
1307 3284
1307 3301
1307 3307
1307 3367
1307 3370
1307 3423
1307 3452
1310 3141
1310 3144
1310 3145
1310 3159
1310 3164
1310 3168
1310 3196
1310 3205
1310 3256
1310 3284
1310 3285
1310 3291
1310 3301
1310 3305
1310 3316
1310 3352
1310 3353
1310 3361
1310 3399
1310 3413
1310 3423
1311 3144
1311 3205
1313 3301
1326 3173
1341 3141
1341 3413
1347 3413
1349 3413
1351 3164
1351 3307
1351 3316
1362 3145
1362 3165
1362 3182
1362 3191
1362 3223
1362 3284
1362 3291
1362 3301
1362 3325
1362 3399
1362 3453
1367 3353
1368 3301
1375 3332
1377 3144
1377 3301
1395 3259
1398 3253
1398 3332
1398 3423
1412 3249
1429 3145
1436 3140
1437 3399
1437 3413
1440 3141
1440 3307
1446 3256
1450 3200
1450 3301
1450 3305
1450 3331
1455 3316
1465 3184
1465 3259
1465 3301
1475 3301
1476 3256
1476 3259
1476 3358
1478 3256
1478 3352
1479 3301
1479 3307
1492 3285
1492 3301
1492 3413
1493 3165
1493 3223
1493 3232
1493 3291
1505 3156
1505 3325
1510 3141
1510 3145
1510 3168
1510 3223
1510 3232
1510 3301
1510 3358
1510 3423
1512 3201
1512 3304
1512 3307
1513 3256
1531 3196
1531 3256
1532 3165
1532 3307
1533 3200
1533 3352
1536 3156
1536 3255
1536 3256
1536 3307
1537 3409
1544 3367
1549 3144
1549 3244
1549 3284
1549 3332
1550 3164
1553 3141
1553 3196
1553 3205
1556 3156
1556 3325
1567 3196
1567 3358
1570 3285
1570 3342
1570 3430
1570 3452
1575 3200
1575 3211
1575 3352
1575 3423
1582 3301
1582 3331
1595 3159
1596 3205
1598 3189
1604 3196
1607 3165
1607 3307
1607 3316
1610 3141
1610 3259
1610 3291
1615 3141
1615 3191
1615 3301
1619 3168
1634 3332
1638 3144
1638 3165
1638 3196
1638 3367
1651 3156
1658 3196
1673 3316
1678 3141
1678 3164
1678 3165
1678 3168
1678 3196
1678 3205
1678 3256
1678 3305
1678 3307
1678 3316
1678 3358
1678 3399
1678 3413
1678 3430
1689 3191
1689 3284
1689 3423
1690 3244
1695 3156
1695 3325
1695 3452
1704 3200
1704 3211
1705 3196
1705 3301
1710 3182
1717 3196
1733 3159
1759 3165
1759 3256
1796 3165
1796 3223
1796 3291
1796 3308
1800 3332
1801 3256
1804 3301
1805 3140
1805 3144
1805 3196
1805 3201
1805 3301
1805 3430
1807 3413
1813 3144
1813 3205
1813 3245
1813 3381
1813 3453
1818 3423
1819 3141
1819 3184
1819 3191
1819 3301
1819 3352
1819 3367
1819 3413
1819 3423
1819 3453
1827 3141
1827 3165
1827 3184
1827 3205
1827 3301
1827 3423
1827 3453
1848 3200
1850 3205
1860 3255
1869 3413
1881 3285
1881 3452
1893 3196
1893 3331
1901 3259
1907 3141
1907 3144
1907 3168
1907 3182
1907 3191
1907 3196
1907 3205
1907 3244
1907 3245
1907 3256
1907 3284
1907 3304
1907 3308
1907 3332
1907 3353
1907 3367
1907 3423
1907 3438
1907 3453
1910 3164
1910 3249
1910 3259
1910 3301
1910 3325
1910 3352
1920 3256
1924 3200
1924 3305
1924 3316
1924 3413
1924 3415
1924 3430
1925 3189
1925 3196
1925 3423
1926 3184
1926 3256
1926 3284
1926 3301
1926 3307
1928 3165
1928 3223
1928 3232
1928 3245
1928 3367
1928 3453
1936 3200
1947 3367
1948 3141
1948 3144
1948 3165
1948 3168
1948 3191
1948 3196
1948 3205
1948 3236
1948 3256
1948 3284
1948 3291
1948 3342
1948 3358
1948 3423
1955 3141
1955 3223
1955 3236
1955 3291
1955 3316
1955 3352
1955 3367
1955 3399
1955 3413
1955 3423
1955 3452
1956 3140
1957 3196
1957 3205
1957 3308
1972 3168
1972 3413
1972 3423
1975 3141
1975 3144
1975 3145
1975 3165
1975 3168
1975 3182
1975 3191
1975 3196
1975 3201
1975 3205
1975 3223
1975 3232
1975 3253
1975 3256
1975 3259
1975 3284
1975 3285
1975 3291
1975 3293
1975 3297
1975 3307
1975 3316
1975 3319
1975 3358
1975 3361
1975 3367
1975 3381
1975 3399
1975 3413
1975 3415
1975 3421
1975 3423
1975 3430
1975 3452
1976 3196
1976 3205
1976 3223
1976 3256
1976 3291
1976 3301
1976 3307
1976 3325
1976 3352
1976 3377
1976 3399
2002 3165
2002 3191
2002 3196
2002 3205
2002 3223
2002 3232
2002 3284
2002 3291
2002 3307
2002 3413
2009 3189
2009 3301
2010 3144
2010 3245
2010 3285
2010 3291
2010 3331
2014 3145
2014 3200
2014 3201
2014 3211
2014 3259
2014 3301
2014 3367
2014 3423
2014 3442
2016 3367
2023 3285
2023 3358
2023 3399
2023 3413
2023 3430
2023 3452
2025 3196
2025 3285
2025 3301
2025 3430
2027 3182
2027 3301
2027 3352
2027 3430
2030 3200
2030 3211
2030 3245
2037 3196
2037 3205
2037 3223
2037 3232
2037 3256
2037 3423
2047 3249
2047 3331
2047 3351
2048 3291
2048 3367
2048 3452
2065 3196
2065 3249
2065 3259
2065 3352
2065 3423
2077 3301
2081 3164
2081 3184
2081 3301
2093 3144
2094 3291
2094 3316
2094 3423
2104 3173
2104 3184
2104 3196
2104 3200
2104 3205
2104 3256
2104 3285
2104 3304
2104 3316
2104 3331
2104 3352
2104 3367
2104 3399
2104 3409
2104 3413
2104 3438
2106 3184
2106 3196
2106 3332
2106 3430
2116 3358
2118 3165
2118 3196
2118 3205
2118 3223
2118 3244
2118 3307
2118 3352
2118 3423
2120 3196
2120 3284
2120 3285
2120 3316
2120 3367
2122 3196
2124 3367
2130 3196
2130 3259
2137 3409
2138 3236
2143 3259
2143 3304
2143 3452
2145 3144
2145 3168
2145 3205
2145 3223
2145 3236
2145 3285
2145 3409
2145 3452
2150 3259
2150 3367
2152 3144
2152 3232
2152 3301
2158 3173
2158 3201
2158 3245
2158 3443
2160 3314
2160 3358
2161 3165
2161 3291
2161 3308
2161 3423
2165 3156
2165 3352
2165 3423
2166 3140
2166 3141
2166 3144
2166 3145
2166 3165
2166 3168
2166 3173
2166 3182
2166 3189
2166 3191
2166 3196
2166 3201
2166 3205
2166 3211
2166 3223
2166 3232
2166 3244
2166 3245
2166 3249
2166 3255
2166 3259
2166 3284
2166 3285
2166 3291
2166 3301
2166 3304
2166 3307
2166 3308
2166 3316
2166 3319
2166 3325
2166 3331
2166 3332
2166 3353
2166 3358
2166 3361
2166 3367
2166 3377
2166 3381
2166 3399
2166 3413
2166 3423
2166 3430
2166 3438
2166 3452
2166 3453
2173 3314
2177 3145
2177 3244
2177 3245
2177 3249
2177 3301
2177 3325
2177 3331
2177 3332
2186 3164
2186 3196
2186 3291
2190 3423
2192 3291
2192 3367
2193 3399
2193 3413
2200 3141
2200 3144
2200 3423
2206 3301
2207 3145
2207 3200
2207 3245
2208 3141
2209 3168
2212 3301
2213 3286
2213 3423
2214 3249
2215 3217
2217 3196
2217 3284
2217 3301
2217 3367
2232 3423
2238 3141
2238 3168
2238 3173
2238 3191
2238 3201
2238 3205
2238 3211
2238 3212
2238 3223
2238 3244
2238 3245
2238 3285
2238 3307
2238 3314
2238 3316
2238 3332
2238 3399
2238 3413
2238 3423
2238 3430
2239 3141
2239 3145
2239 3173
2239 3205
2239 3256
2239 3307
2239 3367
2239 3399
2239 3413
2240 3285
2240 3452
2241 3304
2241 3430
2243 3140
2243 3141
2243 3144
2243 3168
2243 3189
2243 3244
2243 3245
2243 3249
2243 3255
2243 3259
2243 3284
2243 3291
2243 3308
2243 3331
2243 3332
2243 3367
2243 3370
2245 3141
2245 3165
2245 3184
2245 3191
2245 3308
2245 3358
2251 3200
2251 3305
2251 3409
2251 3423
2258 3205
2258 3256
2267 3205
2267 3305
2267 3409
2269 3140
2269 3141
2269 3144
2269 3145
2269 3165
2269 3168
2269 3173
2269 3184
2269 3196
2269 3200
2269 3201
2269 3205
2269 3211
2269 3223
2269 3232
2269 3244
2269 3245
2269 3256
2269 3259
2269 3284
2269 3285
2269 3291
2269 3301
2269 3305
2269 3308
2269 3316
2269 3352
2269 3353
2269 3367
2269 3399
2269 3409
2269 3413
2269 3423
2269 3438
2269 3452
2270 3144
2270 3381
2272 3196
2272 3259
2272 3351
2274 3145
2274 3165
2274 3211
2274 3377
2274 3413
2274 3430
2275 3423
2277 3173
2277 3352
2277 3367
2278 3316
2278 3367
2280 3144
2280 3182
2280 3191
2280 3211
2280 3304
2280 3307
2280 3438
2280 3442
2281 3141
2281 3144
2281 3165
2281 3196
2281 3205
2281 3223
2281 3256
2281 3284
2281 3307
2281 3316
2281 3381
2281 3399
2281 3413
2281 3423
2281 3430
2283 3145
2283 3165
2283 3352
2287 3256
2287 3258
2287 3301
2287 3307
2287 3316
2287 3342
2287 3358
2287 3361
2287 3367
2287 3413
2290 3144
2290 3182
2290 3191
2290 3196
2290 3205
2290 3223
2290 3232
2290 3256
2290 3284
2290 3285
2290 3291
2290 3307
2290 3316
2290 3381
2290 3399
2290 3413
2290 3415
2290 3430
2290 3452
2290 3453
2291 3413
2295 3399
2300 3168
2302 3352
2302 3399
2311 3141
2313 3409
2314 3291
2315 3141
2315 3196
2315 3291
2315 3314
2315 3423
2315 3452
2323 3352
2327 3200
2332 3358
2335 3200
2335 3259
2335 3316
2335 3331
2336 3423
2339 3407
2348 3332
2348 3399
2351 3141
2351 3200
2351 3245
2351 3253
2351 3256
2351 3263
2351 3367
2351 3423
2353 3259
2353 3304
2356 3301
2358 3168
2363 3301
2372 3205
2374 3168
2374 3367
2380 3145
2380 3245
2381 3144
2381 3301
2381 3423
2381 3453
2382 3255
2385 3196
2388 3144
2388 3256
2388 3284
2388 3291
2388 3381
2388 3413
2397 3301
2399 3164
2403 3144
2403 3165
2403 3205
2403 3232
2403 3259
2403 3284
2403 3293
2403 3301
2403 3307
2403 3308
2403 3316
2403 3399
2403 3413
2403 3423
2403 3453
2412 3140
2412 3145
2412 3165
2412 3168
2412 3173
2412 3196
2412 3201
2412 3205
2412 3256
2412 3285
2412 3307
2412 3316
2412 3399
2412 3413
2412 3421
2412 3438
2413 3141
2413 3148
2413 3165
2413 3168
2413 3182
2413 3196
2413 3205
2413 3223
2413 3232
2413 3253
2413 3256
2413 3284
2413 3293
2413 3307
2413 3316
2413 3358
2413 3361
2413 3399
2421 3200
2437 3244
2439 3156
2443 3211
2443 3259
2443 3367
2461 3144
2461 3255
2461 3325
2463 3173
2463 3245
2463 3367
2467 3141
2467 3168
2467 3196
2467 3200
2467 3316
2467 3399
2467 3413
2467 3430
2468 3256
2472 3307
2483 3196
2483 3201
2483 3205
2488 3284
2488 3291
2488 3307
2488 3316
2488 3358
2488 3399
2488 3413
2491 3140
2491 3145
2491 3165
2491 3168
2491 3173
2491 3182
2491 3205
2491 3244
2491 3245
2491 3284
2491 3285
2491 3291
2491 3293
2491 3301
2491 3304
2491 3307
2491 3308
2491 3316
2491 3342
2491 3352
2491 3353
2491 3358
2491 3367
2491 3381
2491 3399
2491 3413
2491 3415
2491 3423
2491 3430
2491 3438
2491 3442
2491 3452
2491 3453
2492 3367
2492 3413
2495 3165
2495 3173
2495 3184
2495 3189
2495 3201
2495 3205
2495 3211
2495 3217
2495 3223
2495 3244
2495 3245
2495 3301
2495 3304
2495 3307
2495 3308
2495 3316
2495 3319
2495 3352
2495 3353
2495 3367
2495 3399
2495 3409
2495 3438
2495 3442
2497 3314
2497 3358
2497 3407
2499 3192
2499 3301
2504 3211
2504 3307
2504 3367
2504 3399
2510 3168
2510 3184
2510 3200
2510 3305
2511 3173
2512 3413
2518 3423
2519 3156
2524 3291
2526 3205
2527 3144
2528 3141
2528 3168
2528 3182
2528 3191
2528 3196
2528 3205
2528 3232
2533 3301
2536 3140
2539 3331
2543 3145
2543 3168
2543 3173
2543 3196
2543 3205
2543 3211
2543 3284
2543 3307
2543 3367
2543 3399
2543 3421
2543 3423
2545 3196
2545 3200
2545 3205
2545 3244
2545 3284
2545 3352
2545 3367
2545 3423
2545 3430
2548 3168
2549 3145
2549 3165
2549 3182
2549 3191
2549 3200
2549 3211
2549 3223
2549 3232
2549 3236
2549 3245
2549 3285
2549 3325
2549 3381
2549 3413
2549 3423
2549 3452
2551 3301
2551 3367
2551 3438
2552 3156
2552 3182
2557 3256
2558 3351
2569 3144
2569 3205
2569 3232
2569 3253
2570 3245
2571 3255
2571 3331
2571 3367
2572 3173
2572 3367
2582 3196
2582 3255
2582 3307
2591 3141
2591 3168
2591 3196
2591 3205
2593 3423
2597 3430
2599 3211
2599 3301
2599 3352
2599 3367
2612 3304
2613 3200
2613 3205
2618 3301
2627 3205
2638 3284
2640 3144
2640 3223
2640 3304
2640 3438
2641 3245
2643 3316
2644 3316
2646 3351
2646 3352
2662 3140
2662 3144
2662 3165
2662 3200
2662 3232
2662 3244
2662 3245
2662 3285
2662 3291
2662 3353
2662 3358
2662 3413
2664 3205
2665 3423
2667 3168
2667 3196
2667 3205
2667 3223
2667 3232
2667 3256
2667 3291
2669 3144
2674 3367
2677 3182
2677 3453
2680 3200
2680 3211
2680 3352
2680 3423
2680 3442
2681 3367
2681 3413
2683 3232
2684 3291
2686 3223
2691 3182
2692 3259
2692 3367
2693 3301
2696 3353
2698 3423
2707 3331
2711 3143
2721 3205
2721 3316
2724 3284
2726 3140
2726 3141
2726 3144
2726 3168
2726 3205
2726 3253
2726 3284
2726 3285
2726 3301
2726 3316
2726 3423
2726 3452
2730 3141
2734 3301
2739 3244
2739 3249
2739 3301
2739 3325
2739 3352
2740 3196
2741 3253
2741 3284
2741 3291
2741 3316
2741 3399
2741 3423
2741 3452
2747 3256
2749 3304
2749 3438
2750 3141
2750 3256
2750 3284
2750 3285
2750 3399
2751 3244
2751 3430
2754 3331
2758 3168
2758 3182
2758 3191
2758 3196
2769 3148
2771 3423
2775 3236
2776 3367
2776 3423
2781 3399
2785 3144
2785 3423
2793 3409
2795 3301
2797 3144
2797 3165
2797 3200
2797 3205
2797 3244
2797 3245
2797 3308
2799 3144
2799 3165
2799 3168
2799 3196
2799 3200
2799 3205
2799 3211
2799 3256
2799 3259
2799 3285
2799 3304
2799 3307
2799 3316
2799 3319
2799 3358
2799 3367
2799 3399
2799 3413
2799 3423
2799 3453
2807 3232
2807 3367
2807 3409
2810 3399
2810 3413
2810 3423
2812 3201
2812 3205
2815 3173
2815 3316
2815 3352
2815 3399
2815 3413
2818 3184
2818 3255
2823 3196
2824 3413
2826 3173
2826 3211
2826 3245
2826 3367
2828 3196
2828 3211
2828 3256
2830 3144
2830 3145
2830 3201
2830 3205
2830 3223
2830 3245
2830 3284
2830 3291
2830 3367
2830 3421
2830 3423
2835 3415
2838 3165
2838 3211
2838 3236
2838 3245
2838 3249
2838 3301
2839 3200
2839 3205
2839 3211
2839 3305
2845 3182
2845 3211
2845 3301
2845 3415
2849 3438
2854 3189
2854 3284
2854 3367
2855 3145
2856 3284
2857 3165
2857 3200
2857 3201
2857 3211
2857 3245
2857 3284
2857 3301
2857 3304
2857 3305
2857 3308
2857 3325
2857 3352
2857 3367
2857 3370
2857 3423
2857 3438
2859 3140
2859 3144
2859 3145
2859 3159
2859 3165
2859 3173
2859 3184
2859 3200
2859 3201
2859 3211
2859 3245
2859 3284
2859 3304
2859 3305
2859 3308
2859 3332
2859 3352
2859 3353
2859 3367
2859 3370
2859 3409
2859 3421
2859 3438
2860 3144
2860 3244
2860 3245
2860 3259
2860 3284
2860 3332
2861 3244
2861 3245
2861 3304
2861 3307
2861 3316
2861 3353
2861 3399
2861 3413
2861 3423
2861 3430
2861 3438
2861 3453
2862 3144
2862 3145
2862 3173
2862 3211
2862 3245
2862 3304
2862 3352
2862 3367
2862 3413
2862 3438
2863 3140
2863 3144
2863 3145
2863 3165
2863 3173
2863 3200
2863 3201
2863 3211
2863 3244
2863 3245
2863 3284
2863 3301
2863 3304
2863 3305
2863 3308
2863 3325
2863 3332
2863 3351
2863 3352
2863 3353
2863 3367
2863 3423
2863 3438
2864 3140
2864 3165
2864 3173
2864 3201
2864 3219
2864 3223
2864 3232
2864 3244
2864 3245
2864 3259
2864 3284
2864 3285
2864 3304
2864 3307
2864 3308
2864 3312
2864 3332
2864 3353
2864 3367
2864 3399
2864 3413
2864 3420
2864 3423
2864 3438
2865 3165
2865 3201
2865 3212
2865 3245
2865 3308
2865 3332
2865 3367
2865 3438
2866 3140
2866 3144
2866 3165
2866 3184
2866 3200
2866 3211
2866 3245
2866 3284
2866 3305
2866 3308
2866 3311
2866 3332
2866 3352
2866 3367
2866 3381
2866 3423
2867 3144
2867 3165
2867 3182
2867 3191
2867 3196
2867 3256
2867 3367
2868 3165
2868 3168
2868 3184
2868 3191
2868 3196
2868 3200
2868 3205
2868 3305
2868 3316
2868 3399
2868 3413
2869 3156
2869 3200
2869 3201
2869 3211
2869 3305
2869 3352
2870 3156
2871 3201
2871 3244
2871 3284
2871 3301
2871 3304
2871 3308
2871 3316
2871 3332
2872 3244
2872 3245
2872 3284
2872 3304
2872 3308
2872 3332
2872 3367
2872 3421
2872 3438
2873 3140
2873 3144
2873 3245
2873 3284
2873 3304
2873 3332
2873 3438
2876 3255
2876 3301
2879 3430
2881 3301
2885 3144
2885 3165
2885 3168
2885 3232
2885 3256
2885 3291
2886 3184
2886 3245
2886 3381
2886 3413
2887 3165
2887 3245
2887 3285
2887 3304
2887 3305
2887 3325
2888 3430
2889 3141
2891 3200
2894 3196
2894 3253
2894 3316
2900 3200
2900 3211
2900 3255
2900 3301
2900 3304
2900 3352
2912 3196
2912 3423
2914 3255
2915 3140
2915 3211
2915 3308
2915 3367
2916 3141
2918 3141
2919 3191
2920 3144
2920 3191
2920 3196
2920 3205
2920 3223
2920 3232
2920 3236
2920 3253
2932 3141
2932 3144
2932 3168
2932 3182
2932 3196
2932 3205
2932 3223
2932 3232
2932 3284
2932 3291
2932 3316
2932 3358
2932 3399
2932 3413
2932 3423
2933 3284
2935 3232
2944 3196
2945 3141
2945 3196
2946 3182
2948 3165
2950 3141
2950 3196
2950 3256
2950 3291
2950 3367
2950 3423
2955 3307
2956 3144
2956 3145
2956 3165
2956 3200
2956 3211
2956 3256
2956 3284
2956 3285
2956 3291
2956 3304
2956 3307
2956 3316
2956 3332
2956 3342
2956 3351
2956 3353
2956 3358
2956 3367
2956 3381
2956 3399
2956 3413
2956 3423
2956 3430
2956 3452
2958 3200
2958 3223
2959 3256
2968 3184
2968 3200
2968 3249
2968 3301
2968 3325
2968 3352
2973 3301
2980 3200
2980 3245
2980 3381
2980 3423
2982 3308
2986 3301
2989 3168
2991 3165
2991 3173
2991 3200
2991 3201
2991 3211
2991 3245
2991 3285
2991 3301
2991 3316
2991 3325
2991 3358
2991 3367
2991 3399
2991 3423
2991 3452
2992 3140
2992 3141
2992 3144
2992 3165
2992 3168
2992 3205
2992 3211
2992 3223
2992 3232
2992 3244
2992 3255
2992 3256
2992 3285
2992 3307
2992 3308
2992 3316
2992 3367
2992 3413
2992 3452
2998 3196
2998 3205
2999 3196
2999 3291
2999 3307
2999 3399
2999 3423
3000 3285
3000 3430
3002 3144
3002 3201
3002 3291
3003 3144
3003 3145
3003 3211
3003 3232
3003 3284
3003 3293
3003 3352
3003 3353
3003 3413
3003 3415
3003 3428
3003 3452
3005 3141
3005 3144
3005 3182
3005 3223
3005 3399
3005 3430
3006 3200
3006 3259
3006 3352
3006 3423
3006 3438
3007 3256
3007 3285
3007 3381
3007 3430
3008 3223
3008 3232
3009 3211
3013 3145
3013 3173
3013 3200
3013 3201
3013 3236
3013 3255
3013 3291
3013 3301
3013 3308
3013 3325
3013 3352
3013 3358
3013 3367
3013 3399
3013 3413
3013 3423
3014 3141
3014 3156
3014 3164
3014 3184
3014 3200
3014 3232
3014 3255
3014 3301
3014 3305
3014 3325
3014 3352
3014 3409
3014 3430
3015 3244
3015 3256
3015 3305
3015 3423
3016 3256
3016 3291
3016 3399
3016 3413
3017 3291
3018 3205
3018 3223
3018 3232
3019 3191
3025 3358
3026 3332
3028 3423
3029 3191
3029 3196
3030 3140
3030 3145
3030 3173
3030 3253
3030 3285
3030 3301
3030 3342
3030 3358
3030 3367
3030 3381
3030 3430
3030 3453
3031 3144
3031 3205
3031 3223
3031 3232
3031 3307
3036 3144
3036 3145
3036 3200
3036 3211
3036 3236
3036 3245
3036 3259
3036 3284
3036 3301
3036 3316
3036 3351
3036 3352
3036 3367
3036 3413
3037 3257
3037 3430
3044 3168
3044 3182
3048 3140
3048 3168
3048 3256
3048 3399
3049 3301
3052 3182
3057 3168
3057 3189
3057 3255
3057 3284
3057 3301
3057 3308
3057 3367
3057 3430
3057 3452
3057 3453
3066 3301
3070 3307
3070 3316
3070 3319
3070 3399
3070 3413
3074 3285
3074 3291
3074 3423
3077 3223
3077 3232
3077 3285
3077 3307
3077 3316
3077 3381
3077 3399
3077 3413
3077 3430
3077 3452
3081 3165
3081 3191
3081 3236
3081 3259
3081 3352
3081 3358
3081 3409
3081 3430
3082 3423
3084 3141
3086 3259
3092 3144
3092 3173
3092 3332
3092 3367
3096 3249
3096 3413
3105 3213
3116 3256
3120 3191
3120 3358
3124 3413
3124 3421
3124 3428
3125 3200
3125 3211
3125 3245
3125 3285
3125 3351
3125 3423
3126 3145
3126 3189
3126 3200
3126 3211
3126 3245
3126 3259
3126 3284
3126 3301
3126 3304
3126 3316
3126 3352
3126 3353
3126 3367
3126 3423
3129 3173
3129 3421
3129 3423
3130 3145
3130 3165
3130 3173
3130 3259
3130 3304
3130 3352
3130 3367
3130 3423
3130 3438
3132 3255
3133 3196
3133 3205
3136 3196
3136 3232
3137 3438
3138 3291
3138 3430
3139 3141
3140 3141
3140 3381
3140 3423
3144 3259
3144 3284
3144 3307
3144 3332
3145 3184
3145 3249
3145 3316
3145 3399
3145 3413
3146 3165
3146 3253
3146 3307
3146 3316
3146 3399
3147 3144
3147 3219
3147 3291
3150 3285
3150 3415
3150 3452
3154 3358
3156 3423
3157 3196
3159 3256
3159 3301
3159 3304
3164 3144
3164 3223
3164 3232
3164 3256
3165 3168
3166 3168
3167 3168
3167 3284
3169 3170
3172 3381
3173 3145
3173 3245
3173 3304
3173 3352
3173 3367
3173 3423
3173 3428
3174 3284
3179 3381
3180 3182
3181 3182
3181 3192
3183 3399
3183 3413
3189 3191
3190 3191
3192 3196
3193 3196
3194 3196
3194 3358
3195 3196
3200 3201
3202 3205
3203 3205
3204 3205
3204 3244
3204 3284
3204 3438
3213 3232
3214 3305
3214 3352
3215 3140
3222 3200
3229 3316
3230 3232
3231 3232
3235 3236
3238 3144
3238 3256
3238 3358
3238 3452
3239 3144
3239 3165
3239 3253
3239 3256
3239 3263
3239 3284
3239 3291
3239 3307
3239 3316
3239 3319
3239 3399
3239 3413
3243 3452
3244 3259
3244 3284
3244 3308
3244 3332
3244 3351
3244 3367
3245 3200
3245 3332
3245 3352
3247 3140
3248 3256
3248 3284
3248 3291
3248 3293
3248 3353
3248 3358
3251 3255
3251 3259
3251 3325
3251 3331
3252 3253
3254 3256
3255 3173
3255 3200
3255 3211
3255 3256
3255 3304
3255 3423
3258 3316
3258 3381
3258 3399
3258 3413
3258 3423
3258 3430
3259 3156
3259 3304
3259 3367
3259 3370
3259 3438
3260 3423
3262 3284
3265 3211
3265 3301
3265 3352
3267 3301
3268 3156
3268 3291
3268 3301
3272 3200
3272 3305
3272 3351
3272 3352
3276 3165
3277 3259
3277 3291
3277 3301
3277 3304
3277 3370
3277 3423
3277 3442
3277 3443
3280 3307
3283 3284
3289 3291
3289 3293
3290 3291
3292 3293
3293 3201
3296 3399
3296 3413
3298 3165
3298 3307
3300 3184
3300 3189
3300 3245
3300 3255
3300 3301
3300 3352
3300 3399
3300 3409
3302 3307
3303 3307
3303 3316
3303 3358
3303 3399
3304 3144
3304 3211
3304 3259
3304 3284
3304 3307
3305 3200
3305 3307
3305 3352
3305 3367
3306 3285
3306 3307
3306 3316
3306 3399
3306 3413
3306 3430
3306 3452
3308 3165
3308 3173
3308 3201
3308 3259
3308 3284
3308 3304
3308 3423
3309 3144
3309 3165
3309 3173
3309 3184
3309 3200
3309 3201
3309 3217
3309 3244
3309 3245
3309 3301
3309 3304
3309 3305
3309 3332
3309 3352
3309 3353
3309 3367
3309 3409
3309 3438
3310 3301
3310 3304
3310 3353
3310 3438
3313 3314
3317 3316
3317 3358
3317 3399
3317 3453
3323 3332
3323 3423
3325 3156
3325 3165
3325 3173
3325 3184
3325 3201
3325 3244
3325 3245
3325 3284
3325 3316
3325 3332
3325 3399
3325 3413
3325 3430
3330 3308
3331 3211
3332 3144
3332 3201
3332 3423
3333 3173
3333 3200
3333 3305
3333 3328
3333 3352
3333 3367
3333 3421
3333 3423
3333 3428
3334 3284
3334 3381
3334 3423
3334 3428
3336 3285
3336 3353
3336 3413
3336 3430
3336 3438
3336 3452
3337 3144
3337 3145
3337 3200
3337 3211
3337 3308
3337 3423
3338 3338
3339 3316
3341 3200
3351 3200
3351 3430
3352 3156
3352 3165
3352 3200
3352 3211
3352 3245
3352 3305
3354 3358
3355 3358
3356 3358
3357 3358
3359 3359
3366 3285
3366 3332
3366 3413
3368 3316
3370 3144
3370 3259
3370 3284
3370 3304
3370 3308
3370 3423
3376 3244
3379 3145
3379 3259
3379 3285
3379 3381
3379 3430
3379 3441
3379 3452
3381 3245
3381 3285
3381 3423
3381 3453
3387 3144
3387 3325
3387 3413
3387 3423
3393 3159
3393 3423
3394 3165
3394 3200
3394 3284
3394 3304
3394 3332
3394 3367
3394 3453
3395 3140
3395 3165
3395 3284
3395 3308
3395 3452
3398 3443
3400 3316
3400 3399
3401 3399
3402 3316
3403 3316
3404 3405
3408 3413
3409 3413
3410 3413
3411 3413
3412 3413
3414 3415
3418 3423
3419 3301
3423 3381
3427 3201
3428 3452
3429 3304
3429 3430
3431 3430
3432 3430
3433 3430
3434 3430
3435 3430
3437 3145
3437 3304
3437 3423
3437 3438
3437 3453
3438 3304
3438 3353
3438 3367
3438 3423
3440 3381
3440 3453
3442 3145
3442 3165
3442 3200
3442 3201
3442 3244
3442 3245
3442 3259
3442 3284
3442 3301
3442 3304
3442 3308
3442 3353
3442 3367
3442 3421
3442 3438
3443 3259
3444 3301
3444 3352
3444 3377
3445 3140
3445 3144
3445 3249
3445 3428
3446 3381
3447 3304
3448 3381
3448 3450
3451 3452
3466 3304
3466 3367
3467 3173
3467 3381
3472 3304
3472 3332
3472 3438
3475 3304
3481 3211
3481 3245
3481 3305
3482 3301
3488 3301
3490 3145
3490 3421
3492 3201
3492 3423
3493 3421
3493 3423
3500 3200
3500 3259
3500 3301
3500 3305
3500 3331
3500 3352
3505 3421
3506 3165
3506 3284
3506 3423
3519 3442
3521 3423
3522 3423
3523 3145
3523 3423
3524 3423
3525 3423
3526 3301
3529 3201
3529 3301
3529 3438
3532 3140
3532 3249
3532 3301
3536 3200
3536 3211
3536 3301
3536 3331
3536 3352
3538 3165
3538 3200
3538 3211
3545 3140
3552 3442
3554 3352
3555 3245
3555 3308
3568 3304
3569 3304
3575 3409
3579 3301
3579 3443
3580 3301
3587 3301
3587 3308
3587 3367
3588 3144
3588 3173
3589 3245
3592 3144
3592 3244
3592 3284
3592 3332
3595 3245
3597 3304
3599 3244
3599 3245
3600 3145
3600 3165
3600 3200
3600 3201
3600 3244
3600 3245
3600 3284
3600 3352
3600 3367
3600 3442
3607 3144
3607 3211
3607 3370
3613 3301
3613 3308
3616 3443
3625 3453
3626 3284
3626 3453
3636 3301
3637 3249
3637 3301
3637 3331
3637 3352
3637 3358
3637 3423
3638 3304
3641 3352
3642 3301
3645 3140
3647 3428
3651 3140
3652 3140
3653 3140
3655 3353
3655 3438
3658 3165
3662 3200
3666 3304
3666 3423
3667 3144
3668 3145
3668 3173
3668 3201
3668 3219
3668 3423
3668 3442
3669 3144
3672 3200
3675 3173
3675 3244
3675 3245
3675 3308
3675 3332
3675 3421
3676 3200
3676 3211
3676 3301
3676 3352
3676 3423
3681 3305
3684 3165
3684 3201
3685 3201
3685 3244
3685 3332
3685 3423
3690 3200
3690 3217
3690 3301
3690 3353
3690 3423
3692 3200
3693 3332
3697 3332
3698 3184
3698 3332
3698 3438
3699 3245
3699 3332
3700 3211
3706 3189
3706 3244
3706 3284
3706 3352
3707 3244
3708 3305
3713 3245
3729 3259
3731 3165
3731 3184
3731 3189
3731 3211
3731 3245
3731 3284
3731 3304
3731 3305
3731 3352
3731 3353
3731 3367
3731 3438
3732 3284
3732 3308
3732 3353
3732 3438
3733 3443
3745 3200
3745 3211
3745 3305
3745 3351
3751 3301
3751 3308
3751 3352
3755 3245
3755 3301
3758 3301
3762 3164
3762 3200
3762 3217
3762 3352
3767 3173
3767 3201
3768 3189
3768 3200
3768 3259
3768 3301
3770 3165
3770 3173
3770 3201
3770 3301
3770 3304
3770 3308
3770 3353
3770 3421
3770 3438
3789 3331
3790 3211
3792 3184
3792 3189
3792 3200
3792 3211
3792 3301
3792 3409
3797 3164
3797 3352
3798 3211
3798 3305
3798 3409
3802 3145
3802 3165
3802 3201
3802 3304
3802 3308
3802 3353
3803 3211
3803 3442
3809 3156
3816 3173
3816 3367
3817 3201
3817 3211
3824 3245
3824 3259
3824 3301
3825 3304
3830 3184
3830 3301
3836 3304
3836 3353
3836 3438
3840 3184
3849 3249
3852 3164
3852 3200
3852 3219
3852 3301
3855 3353
3855 3438
3857 3304
3867 3164
3867 3200
3867 3352
3868 3173
3868 3200
3868 3421
3872 3367
3872 3442
3878 3245
3878 3352
3882 3184
3882 3259
3882 3351
3882 3352
3883 3211
3883 3249
3883 3367
3883 3370
3885 3301
3886 3301
3886 3367
3899 3423
3910 3173
3910 3201
3910 3367
3910 3423
3922 3189
3924 3301
3926 3301
3929 3301
3930 3308
3931 3184
3931 3305
3931 3308
3931 3352
3931 3423
3932 3173
3933 3145
3933 3164
3933 3165
3933 3200
3933 3211
3933 3305
3933 3352
3933 3367
3936 3301
3937 3301
3938 3301
3939 3301
3940 3301
3941 3301
3942 3301
3943 3301
3944 3301
3945 3301
3946 3301
3947 3301
3948 3301
3949 3301
3950 3301
3951 3301
3952 3301
3953 3301
3954 3301
3955 3301
3956 3301
3957 3249
3957 3301
3958 3259
3966 3173
3966 3201
3966 3367
3970 3145
3970 3249
3970 3301
3970 3308
3970 3367
3971 3201
3971 3308
3973 3367
3974 3145
3974 3165
3974 3200
3974 3211
3974 3259
3974 3331
3974 3367
3974 3423
3979 3421
3982 3173
3982 3201
3983 3173
3983 3211
3983 3301
3983 3367
3984 3173
3985 3173
3986 3145
3986 3156
3986 3164
3986 3165
3986 3173
3986 3184
3986 3200
3986 3211
3986 3245
3986 3301
3986 3305
3986 3325
3986 3352
3986 3367
3986 3377
3986 3409
3991 3165
3991 3201
3991 3367
3992 3165
3992 3200
3994 3165
3994 3201
3994 3259
3994 3305
3994 3352
3994 3423
3998 3352
3999 3249
3999 3301
3999 3423
4000 3145
4000 3200
4000 3352
4002 3201
4003 3201
4008 3367
4009 3423
4013 3164
4013 3200
4013 3301
4013 3305
4015 3367
4016 3145
4016 3328
4016 3423
4018 3301
4019 3352
4019 3423
4023 3331
4027 3200
4027 3211
4028 3156
4028 3164
4028 3184
4028 3200
4028 3217
4028 3219
4028 3325
4028 3352
4028 3377
4031 3200
4031 3249
4031 3301
4032 3211
4032 3352
4037 3367
4045 3367
4045 3423
4046 3367
4047 3367
4049 3409
4051 3255
4051 3301
4051 3409
4063 3370
4070 3156
4070 3164
4070 3200
4070 3217
4070 3259
4070 3305
4070 3325
4070 3352
4070 3377
4070 3442
4079 3200
4090 3305
4091 3184
4091 3200
4091 3331
4091 3377
4094 3301
4096 3145
4096 3184
4096 3200
4096 3211
4096 3259
4097 3145
4103 3145
4106 3184
4106 3211
4106 3301
4106 3305
4106 3325
4106 3352
4106 3409
4115 3259
4116 3211
4116 3301
4122 3200
4130 3200
4135 3184
4135 3249
4135 3301
4135 3331
4136 3200
4136 3305
4136 3352
4136 3423
4137 3352
4138 3143
4138 3189
4138 3249
4138 3255
4138 3301
4138 3352
4139 3305
4140 3352
4140 3423
4141 3200
4141 3245
4141 3305
4141 3423
4142 3200
4142 3217
4142 3259
4144 3184
4144 3200
4144 3217
4144 3245
4144 3255
4144 3301
4144 3305
4144 3331
4145 3305
4146 3200
4146 3217
4147 3352
4149 3200
4149 3211
4149 3305
4149 3351
4149 3423
4150 3156
4150 3184
4150 3200
4150 3217
4150 3325
4150 3352
4153 3156
4153 3164
4153 3301
4153 3325
4153 3352
4154 3164
4154 3184
4154 3189
4154 3200
4154 3211
4154 3245
4154 3249
4154 3301
4154 3352
4154 3409
4154 3423
4158 3217
4161 3189
4161 3200
4165 3200
4170 3423
4187 3200
4187 3331
4192 3200
4195 3211
4195 3305
4202 3423
4207 3219
4207 3305
4207 3351
4222 3423
4223 3211
4229 3423
4230 3211
4233 3184
4247 3423
4249 3200
4255 3211
4260 3423
4270 3211
4271 3211
4272 3211
4291 3351
4304 3305
4321 3200
4321 3352
4323 3184
4323 3259
4323 3305
4323 3351
4323 3423
4326 3156
4330 3305
4332 3184
4332 3200
4334 3189
4334 3255
4335 3189
4340 3245
4340 3423
4343 3305
4351 3423
4352 3249
4354 3305
4354 3423
4363 3305
4363 3352
4364 3301
4364 3352
4366 3184
4368 3331
4372 3423
4387 3351
4387 3423
4388 3423
4389 3423
4390 3423
4391 3423
4392 3423
4393 3423
4394 3423
4395 3423
4396 3143
4396 3156
4396 3164
4396 3184
4396 3189
4396 3200
4396 3217
4396 3249
4396 3301
4396 3325
4396 3331
4396 3352
4396 3377
4396 3423
4397 3423
4398 3423
4399 3423
4400 3423
4401 3331
4402 3164
4402 3184
4402 3189
4402 3200
4402 3255
4402 3301
4402 3325
4402 3352
4402 3377
4402 3409
4404 3259
4411 3156
4411 3184
4411 3249
4411 3301
4411 3305
4411 3325
4411 3377
4415 3301
4416 3301
4419 3331
4419 3352
4423 3200
4424 3184
4433 3200
4436 3156
4436 3301
4436 3325
4436 3352
4439 3184
4439 3200
4440 3301
4443 3351
4444 3351
4448 3200
4454 3200
4454 3352
4458 3245
4458 3352
4459 3301
4461 3301
4462 3259
4480 3259
4484 3282
4499 3245
4504 3409
4505 3249
4508 3219
4508 3437
4512 3184
4512 3352
4513 3156
4513 3164
4513 3184
4513 3200
4513 3217
4513 3259
4513 3301
4513 3325
4513 3352
4513 3377
4513 3409
4526 3200
4526 3305
4526 3352
4526 3409
4530 3184
4539 3200
4539 3217
4539 3259
4555 3305
4565 3301
4567 3301
4567 3331
4571 3305
4575 3305
4580 3156
4580 3164
4580 3200
4580 3301
4580 3305
4580 3325
4580 3352
4581 3200
4582 3200
4583 3200
4584 3156
4584 3200
4584 3249
4584 3301
4584 3325
4585 3200
4586 3156
4586 3164
4586 3200
4586 3249
4586 3255
4586 3325
4586 3331
4586 3352
4587 3200
4588 3200
4589 3200
4590 3184
4590 3189
4590 3200
4591 3200
4592 3200
4593 3200
4594 3184
4594 3200
4594 3301
4595 3156
4595 3200
4596 3200
4596 3352
4597 3200
4598 3156
4598 3200
4598 3249
4598 3301
4599 3200
4600 3164
4600 3200
4600 3352
4601 3200
4601 3259
4601 3377
4602 3184
4602 3200
4602 3352
4603 3156
4603 3164
4603 3200
4603 3305
4603 3409
4604 3200
4605 3200
4605 3325
4606 3184
4606 3200
4606 3217
4606 3249
4607 3200
4609 3409
4631 3305
4631 3352
4632 3156
4635 3259
4635 3409
4640 3259
4657 3219
4665 3259
4665 3301
4665 3305
4666 3259
4667 3331
4681 3184
4681 3325
4682 3184
4683 3409
4687 3409
4695 3189
4701 3301
4708 3305
4710 3352
4722 3301
4726 3249
4727 3301
4732 3249
4735 3409
4736 3409
4737 3409
4738 3331
4738 3409
4739 3409
4740 3409
4741 3409
4742 3184
4750 3305
4751 3305
4752 3301
4752 3305
4752 3331
4753 3305
4754 3305
4755 3305
4760 3249
4779 3217
4782 3249
4786 3301
4789 3184
4793 3325
4800 3352
4813 3301
4835 3301
4841 3301
4849 3249
4854 3325
4872 3301
4874 3352
4880 3352
4881 3164
4881 3217
4881 3325
4881 3352
4882 3249
4882 3301
4885 3249
4885 3301
4885 3331
4892 3301
4896 3184
4897 3184
4898 3184
4898 3249
4898 3255
4899 3184
4918 3301
4918 3352
4918 3377
4920 3352
4923 3189
4938 3164
4938 3189
4938 3217
4938 3301
4938 3352
4944 3301
4946 3255
4951 3301
4961 3217
4968 3156
4968 3301
4968 3325
4969 3143
4969 3301
4999 3301
5003 3217
5013 3352
5016 3301
5016 3331
5018 3301
5020 3352
5029 3301
5029 3352
5031 3249
5043 3352
5044 3352
5045 3301
5051 3217
5059 3325
5059 3331
5065 3164
5081 3189
5086 3249
5086 3301
5105 3164
5105 3331
5114 3249
5114 3301
5124 3377
5138 3249
5138 3301
5149 3156
5149 3325
5153 3301
5154 3301
5155 3189
5155 3301
5158 3301
5160 3143
5160 3301
5160 3377
5162 3189
5162 3249
5162 3255
5162 3331
5165 3325
5167 3217
5187 3249
5191 3156
5191 3325
5221 3189
5249 3156
5250 3156
5259 3189
5265 3331
5269 3189
5301 3301
5318 3301
5322 3301
5338 3301
5343 3377
5346 3301
5348 3301
5350 3301
5351 3189
5351 3249
5351 3255
5351 3301
5351 3331
5357 3301
5358 3249
5362 3249
5372 3301
5376 3255
5396 3249
5397 3301
5404 3143
5405 3189
5405 3249
5405 3331
5417 3249
5417 3301
5456 3249
5456 3301
5456 3331
5460 3249
5460 3255
5460 3331
5463 3189
5463 3255
5465 3249
5465 3255
5465 3301
5477 3189
5477 3249
5481 3301
5481 3331
5485 3189
5485 3249
5485 3255
5485 3301
5485 3331
5491 3301
5498 3189
5510 3301
5511 3301
5513 3301
5514 3301
5515 3301
5516 3301
5517 3249
5517 3301
5518 3301
5519 3301
5520 3301
5521 3301
5539 3249
5553 3301
5554 3301
5565 3301
5581 3331
5583 3249
5587 3189
5587 3249
5587 3331
5595 3255
5606 3255
5613 3301
5618 3249
5618 3331
5627 3249
5628 3331
5633 3331
5647 3249
5672 3249
5672 3301
5679 3249
5681 3249
5687 3189
5692 3249
5692 3301
5703 3301
5706 3301
5707 3301
5712 3249
5717 3249
5720 3301
5785 3301
5791 3249
5791 3301
5791 3331
5801 3301
5802 3249
5809 3249
5835 3249
5849 3301
5852 3301
5858 3249
5858 3331
5862 3249
5874 3331
5877 3249
5877 3301
5877 3331
5879 3249
5879 3301
5887 3301
5888 3249
5888 3301
5908 3249
5909 3249
5909 3331
5935 3249
5935 3301
5970 3301
5979 3331
5980 3331
5982 3301
5985 3249
5988 3301
5999 3301
6000 3301
6002 3301
6008 3249
6012 3249
6013 3249
6023 3301
6027 3301
6065 3301
6077 3301
6106 3301
6129 3301
6135 3301
6136 3301
6137 3301
6138 3301
6139 3301
6140 3301
6141 3301
6142 3301
6143 3301
6144 3301
6145 3301
6146 3301
