8 1907
8 1910
8 1911
8 1915
8 1920
8 1921
8 1925
8 1934
8 1947
8 1976
8 1977
8 1980
8 1981
8 1987
8 1989
8 1993
8 1997
8 2009
8 2025
8 2027
8 2028
8 2036
8 2039
8 2047
8 2048
8 2057
8 2061
8 2081
8 2090
8 2095
8 2099
8 2104
8 2118
8 2120
8 2122
8 2131
8 2143
8 2147
8 2166
8 2171
8 2180
8 2181
8 2186
8 2188
8 2191
8 2193
11 1987
11 2027
11 2090
11 2095
11 2188
11 2193
12 2037
15 2171
17 1940
17 1973
17 1987
17 2131
18 2047
21 1895
21 1907
21 1928
21 1936
21 1972
21 1976
21 1977
21 1989
21 2016
21 2020
21 2028
21 2118
21 2122
21 2130
21 2145
21 2161
21 2180
21 2186
21 2188
21 2193
24 2014
24 2037
25 2090
25 2099
26 1920
26 2166
28 1995
33 1907
33 1911
33 1955
33 1976
33 1977
33 2025
33 2081
33 2090
33 2104
33 2120
33 2171
33 2180
33 2192
33 2197
35 2028
39 1911
39 2095
39 2118
41 1993
41 2122
41 2130
44 1910
44 2037
44 2090
44 2104
44 2120
50 1973
55 1993
56 1993
56 2016
56 2020
56 2036
56 2039
56 2090
56 2150
56 2153
56 2161
57 1920
59 1916
59 2090
63 1907
63 2090
64 2122
65 1907
65 1928
65 1936
65 1974
65 1976
65 2016
65 2065
65 2143
65 2180
65 2188
65 2191
65 2195
66 1976
66 2039
66 2143
67 2143
67 2166
78 2036
78 2171
79 1924
79 1928
79 2037
79 2081
79 2143
79 2177
80 1976
81 2027
81 2037
88 2166
92 2037
98 1934
98 2036
98 2065
98 2125
99 2039
101 1928
101 1987
101 2047
101 2099
101 2122
104 1907
104 1910
104 1920
104 1924
104 1925
104 1947
104 1971
104 2016
104 2020
104 2025
104 2027
104 2048
104 2065
104 2081
104 2094
104 2104
104 2120
104 2130
104 2131
104 2166
104 2186
104 2195
108 1907
108 1948
108 1972
109 1948
109 1971
109 2090
115 2037
115 2143
120 1977
120 1989
120 2094
122 2016
122 2104
122 2130
122 2171
122 2180
124 2122
127 1987
132 2094
132 2180
137 1936
137 2037
137 2048
142 1895
142 1910
142 1934
142 1955
142 1964
142 1972
142 1973
142 1974
142 1986
142 1993
142 1995
142 2002
142 2028
142 2036
142 2037
142 2048
142 2090
142 2122
142 2124
142 2145
142 2153
142 2177
143 1907
143 1911
143 1915
143 1921
143 1934
143 1936
143 1976
143 1977
143 1981
143 1987
143 1989
143 1993
143 1995
143 1997
143 2025
143 2028
143 2036
143 2039
143 2118
143 2130
147 2025
147 2037
149 1915
149 1974
149 2131
149 2145
149 2195
151 1976
151 1977
154 1948
154 1972
161 2186
162 2193
166 2081
166 2090
166 2130
166 2145
166 2177
166 2193
174 1910
174 1911
174 1980
174 2039
174 2118
174 2171
188 2037
194 2090
195 2131
211 2193
215 1972
215 2120
215 2122
215 2145
216 2177
220 2014
220 2191
225 2104
229 1971
229 1972
229 2118
229 2122
229 2177
231 1915
231 2143
231 2171
231 2180
235 2131
237 1895
237 2094
237 2122
237 2180
238 1975
238 1976
238 2037
238 2131
247 1947
249 1915
249 2114
251 1910
251 1925
251 1936
251 1973
251 1976
251 2104
251 2124
251 2147
251 2166
253 1955
253 1972
253 1976
253 1977
253 1987
253 1993
253 2094
255 1911
255 1915
255 1925
255 1955
255 1971
255 1974
255 1989
255 2020
255 2025
255 2039
255 2104
255 2143
255 2191
256 1895
256 1911
256 1925
256 1955
256 1971
256 1989
256 2025
256 2028
256 2081
256 2104
256 2118
256 2143
256 2145
256 2161
256 2166
256 2171
257 2039
260 1989
260 2081
260 2090
264 2016
264 2143
264 2190
278 1977
279 2014
279 2120
279 2190
290 1919
290 2020
292 1928
295 2143
298 1972
303 1907
304 2145
310 1987
315 1921
315 1974
321 1955
321 1973
321 2122
340 1928
340 2052
340 2197
343 2014
343 2125
344 1928
344 1972
344 2037
344 2039
344 2143
344 2188
344 2192
349 2036
361 1901
361 2059
361 2177
368 1907
368 1919
368 1925
368 1928
368 1977
368 1981
368 2020
368 2104
368 2190
388 1895
388 1907
388 1910
388 1911
388 1915
388 1920
388 1921
388 1934
388 1947
388 1973
388 1976
388 1997
388 2002
388 2009
388 2011
388 2036
388 2037
388 2048
388 2059
388 2061
388 2065
388 2081
388 2107
388 2118
388 2125
388 2130
388 2131
388 2143
388 2166
388 2177
388 2180
388 2181
407 2090
424 1925
432 2143
442 1955
442 2028
442 2036
442 2065
442 2094
442 2145
442 2147
451 2145
451 2193
475 1926
475 2025
477 2081
478 2143
482 2020
483 1993
483 2028
494 1895
494 1919
494 1924
494 1955
494 1972
494 1976
494 2095
494 2145
494 2177
494 2188
494 2191
494 2193
495 1919
515 2037
521 2036
521 2094
522 1895
522 1976
522 2065
522 2104
522 2145
522 2180
523 1976
523 1989
523 2095
523 2120
525 1907
525 2131
525 2166
531 1921
532 1928
535 1940
535 1971
535 1993
535 1995
535 1997
535 2028
535 2036
537 1895
537 1972
537 1980
537 1981
537 1987
537 2039
537 2177
537 2188
537 2191
548 1973
548 2009
548 2025
548 2104
548 2143
548 2161
548 2190
550 2090
552 2090
566 1981
572 1910
572 1976
572 2186
574 1895
574 2014
574 2037
574 2131
575 2122
575 2193
580 1895
580 1901
580 1989
580 2039
580 2180
580 2191
582 2028
584 1971
584 2177
585 1895
585 1936
585 1948
585 1987
585 2025
585 2094
585 2145
595 1919
595 1981
595 2020
595 2047
595 2090
595 2177
595 2180
595 2188
600 1924
600 1972
600 2036
600 2037
603 1987
610 2025
610 2059
610 2065
611 1936
614 2061
620 1895
620 1926
620 1973
620 1976
620 2027
627 2145
629 2037
630 2122
631 1925
631 2020
631 2145
631 2161
632 1971
632 1976
632 2118
632 2186
634 1895
634 1901
634 1907
634 1910
634 1911
634 1919
634 1920
634 1924
634 1925
634 1926
634 1928
634 1936
634 1948
634 1955
634 1971
634 1973
634 1974
634 1976
634 1986
634 2002
634 2009
634 2016
634 2020
634 2025
634 2027
634 2037
634 2047
634 2059
634 2065
634 2081
634 2094
634 2104
634 2120
634 2121
634 2124
634 2125
634 2130
634 2131
634 2143
634 2145
634 2147
634 2150
634 2153
634 2161
634 2166
634 2177
634 2180
634 2190
634 2191
634 2192
634 2195
634 2197
637 1895
637 1901
637 1924
637 1972
637 1976
637 2120
637 2145
648 2037
651 1895
651 1924
651 1925
651 1948
651 1955
651 1974
651 1976
651 1986
651 1993
651 1995
651 2002
651 2025
651 2036
651 2039
651 2048
651 2052
651 2081
651 2090
651 2143
651 2166
651 2177
651 2180
651 2181
651 2192
651 2195
656 1907
656 1936
656 1989
656 2009
656 2025
656 2037
656 2039
656 2081
656 2121
656 2130
656 2190
657 2143
661 2025
661 2039
664 1947
671 1907
671 1955
671 2037
678 1911
678 1919
678 1920
678 1928
678 1948
678 1955
678 1971
678 1972
678 1973
678 1976
678 1977
678 2016
678 2020
678 2027
678 2028
678 2039
678 2047
678 2090
678 2095
678 2104
678 2120
678 2124
678 2145
678 2147
678 2161
678 2166
678 2180
678 2191
678 2193
678 2195
681 1987
685 1907
687 2016
690 1907
690 1920
690 1936
690 1943
690 1948
690 1976
690 2037
690 2048
690 2052
690 2081
690 2104
690 2122
690 2130
690 2177
690 2186
691 1895
691 1901
691 1907
691 1910
691 1919
691 1924
691 1971
691 1972
691 1974
691 1986
691 1988
691 1989
691 2002
691 2016
691 2020
691 2028
691 2039
691 2047
691 2094
691 2118
691 2145
691 2153
691 2171
691 2177
691 2181
691 2191
691 2192
695 1916
697 1895
697 1910
697 1924
699 2052
702 2020
702 2025
702 2130
702 2197
703 1919
703 2048
703 2104
712 1972
714 1919
714 1955
714 1977
714 2090
714 2166
716 1901
716 1976
716 2048
716 2143
716 2145
716 2192
724 1972
724 2107
724 2143
724 2145
731 1895
731 1928
736 1907
736 1910
736 1925
736 1955
736 1976
736 2009
736 2025
736 2037
736 2122
736 2131
736 2166
736 2186
753 2125
754 1895
754 2047
756 1934
756 1940
756 1995
756 2028
758 2090
764 1976
773 2048
775 2122
782 2090
782 2104
784 1919
784 2104
787 1981
790 1980
792 1895
792 1911
792 1976
792 1981
792 1989
792 2039
792 2104
792 2118
792 2122
792 2124
792 2191
793 1907
793 2192
794 2104
794 2130
795 1971
799 1915
799 1989
799 2118
799 2122
799 2143
803 2118
803 2145
816 1907
816 1910
816 1976
820 2061
823 1986
823 2090
827 1907
827 1919
827 1924
827 1971
827 1976
827 1989
827 2036
827 2192
829 1895
829 1901
829 1910
829 1919
829 1920
829 1924
829 1925
829 1948
829 1955
829 1971
829 1972
829 1973
829 1974
829 1976
829 1986
829 2002
829 2016
829 2039
829 2048
829 2052
829 2061
829 2094
829 2099
829 2104
829 2124
829 2131
829 2143
829 2145
829 2147
829 2153
829 2166
829 2177
829 2186
829 2188
829 2191
829 2192
829 2193
829 2195
834 1895
834 1915
834 1972
834 1973
834 1976
834 1977
834 1989
834 1993
834 2039
834 2095
834 2099
834 2118
834 2171
834 2181
835 1976
837 1895
837 1901
837 1910
837 1911
837 1915
837 1919
837 1921
837 1934
837 1940
837 1972
837 1973
837 1977
837 1980
837 1981
837 1987
837 1993
837 1995
837 2002
837 2016
837 2020
837 2028
837 2036
837 2037
837 2039
837 2061
837 2090
837 2099
837 2124
837 2130
837 2131
837 2145
837 2153
837 2171
837 2180
837 2181
837 2188
837 2191
838 2025
840 1928
840 1976
840 1980
840 2047
840 2180
840 2191
843 2118
846 1901
846 1973
846 1989
846 2061
846 2180
846 2181
849 1976
849 2195
852 2172
856 1907
860 1928
860 2027
860 2120
867 1987
867 2153
867 2186
868 1976
870 2122
871 1989
871 1997
871 2150
872 1895
872 1972
872 1987
872 2037
872 2120
872 2143
876 2124
876 2130
876 2143
877 1901
877 1924
877 2090
877 2118
885 1921
885 1928
886 1943
886 2090
886 2104
886 2180
889 1943
889 1972
889 1987
889 2037
889 2052
889 2118
889 2143
889 2166
889 2181
891 2090
894 1895
894 1910
894 1911
894 1919
894 1924
894 1971
894 1976
894 1977
894 1981
894 1989
894 2039
894 2048
894 2061
894 2094
894 2095
894 2104
894 2124
894 2180
894 2188
894 2191
894 2192
895 2025
896 1895
896 1981
897 1976
898 1987
903 1934
903 1943
903 2059
903 2065
904 1907
904 2191
904 2193
921 2118
923 1924
923 1972
923 1976
923 2011
923 2025
923 2090
923 2099
923 2130
923 2171
923 2177
923 2192
924 1895
924 1910
924 1911
924 1919
924 1924
924 1928
924 1955
924 1971
924 1980
924 1986
924 1989
924 2020
924 2028
924 2039
924 2047
924 2061
924 2094
924 2118
924 2145
924 2161
924 2166
924 2171
924 2177
924 2180
924 2186
924 2191
924 2192
928 2171
929 2118
929 2171
932 1972
932 2039
934 2052
938 2180
939 2037
939 2118
941 1995
941 1997
941 2130
943 2036
946 1907
946 1925
946 1948
946 2048
946 2065
946 2081
946 2090
947 1910
947 1936
947 1947
947 1976
947 1981
947 2009
947 2037
947 2081
947 2094
947 2120
947 2121
947 2131
947 2177
947 2197
949 1895
949 1910
949 1915
949 1924
949 1971
949 1972
949 2047
949 2061
949 2095
949 2118
949 2150
949 2188
949 2191
950 1911
950 1976
950 2016
950 2104
950 2124
950 2191
950 2192
955 1976
955 2025
955 2037
955 2124
956 2099
956 2197
962 2192
963 1895
963 1910
963 1911
963 1915
963 1919
963 1921
963 1925
963 1926
963 1928
963 1934
963 1955
963 1971
963 1972
963 1973
963 1976
963 1977
963 1980
963 1981
963 1989
963 1993
963 1997
963 2025
963 2028
963 2036
963 2047
963 2059
963 2061
963 2081
963 2090
963 2095
963 2099
963 2104
963 2118
963 2120
963 2121
963 2124
963 2130
963 2145
963 2150
963 2171
963 2177
963 2180
963 2188
963 2190
963 2191
963 2192
972 2028
972 2143
973 1976
973 2037
974 1895
974 1901
974 1907
974 1910
974 1919
974 1925
974 1926
974 1928
974 1936
974 1948
974 1955
974 1973
974 1976
974 1981
974 1986
974 1989
974 2009
974 2016
974 2020
974 2025
974 2039
974 2094
974 2104
974 2122
974 2124
974 2130
974 2143
974 2145
974 2153
974 2166
974 2176
974 2191
974 2195
975 1895
975 2186
977 2011
977 2122
977 2192
985 2122
988 1971
988 2020
988 2118
988 2197
989 1907
997 1976
997 2090
1002 2166
1004 1895
1004 1901
1004 1919
1004 1928
1004 1955
1004 1971
1004 2016
1004 2020
1004 2052
1004 2094
1004 2153
1004 2191
1004 2197
1006 1919
1006 2118
1007 2002
1007 2039
1008 1901
1008 1974
1008 2009
1011 1972
1011 2037
1011 2107
1014 1910
1014 1921
1014 1934
1014 1940
1014 1955
1014 1971
1014 1973
1014 1993
1014 2009
1014 2037
1014 2039
1014 2048
1014 2090
1014 2095
1014 2118
1014 2122
1014 2124
1014 2130
1014 2143
1014 2166
1014 2171
1014 2180
1014 2188
1014 2191
1015 1895
1015 1976
1015 2036
1015 2094
1015 2122
1019 1928
1019 1972
1019 2002
1019 2039
1019 2118
1019 2191
1019 2192
1024 1895
1024 1911
1024 1948
1024 1973
1024 2002
1024 2180
1024 2186
1033 1981
1033 2039
1039 1919
1039 1925
1039 1976
1039 1986
1039 2118
1039 2161
1039 2186
1039 2191
1039 2192
1043 2124
1043 2192
1049 1919
1049 1925
1049 1973
1049 1976
1049 2037
1049 2171
1050 1976
1053 2025
1059 1986
1059 2048
1059 2145
1059 2166
1059 2188
1064 1919
1064 2016
1064 2118
1064 2161
1064 2171
1064 2180
1073 1989
1073 1993
1073 2016
1073 2028
1073 2039
1073 2118
1073 2143
1073 2188
1074 1919
1076 2047
1078 2037
1078 2104
1079 2037
1079 2081
1079 2150
1081 1919
1081 1924
1081 1955
1081 2094
1081 2104
1081 2192
1087 1955
1087 1972
1087 2037
1087 2094
1087 2131
1087 2143
1094 1895
1094 1901
1094 1919
1094 1920
1094 1924
1094 1925
1094 1928
1094 1948
1094 1955
1094 1971
1094 1972
1094 1973
1094 1974
1094 1986
1094 2011
1094 2016
1094 2047
1094 2048
1094 2052
1094 2090
1094 2094
1094 2104
1094 2124
1094 2145
1094 2147
1094 2150
1094 2153
1094 2161
1094 2177
1094 2191
1094 2192
1094 2195
1094 2197
1095 2020
1107 1901
1107 1910
1107 1964
1107 1971
1107 1976
1107 2037
1107 2094
1107 2120
1107 2145
1107 2166
1107 2191
1108 2122
1110 2039
1122 1977
1122 2118
1123 2090
1127 2090
1128 2090
1129 2090
1130 2037
1135 1910
1135 1943
1135 1971
1135 2022
1135 2039
1138 1936
1138 2145
1138 2193
1141 2052
1142 1928
1142 1976
1142 2016
1142 2161
1142 2191
1149 1948
1149 1973
1149 2166
1149 2177
1150 1974
1150 2094
1153 1893
1153 1895
1153 1915
1153 1921
1153 1925
1153 1926
1153 1928
1153 1971
1153 1972
1153 1974
1153 1986
1153 2020
1153 2037
1153 2047
1153 2090
1153 2104
1153 2107
1153 2130
1153 2150
1153 2161
1153 2166
1153 2177
1153 2186
1153 2191
1157 1915
1157 2016
1159 2039
1159 2131
1160 2016
1160 2104
1160 2161
1161 1925
1161 2104
1163 2145
1165 1911
1169 1928
1169 1955
1169 1971
1169 1972
1169 1974
1169 2197
1174 1895
1174 1910
1174 1911
1174 1915
1174 1919
1174 1928
1174 1955
1174 1971
1174 1976
1174 1977
1174 1981
1174 1989
1174 2002
1174 2028
1174 2036
1174 2039
1174 2047
1174 2061
1174 2081
1174 2150
1174 2161
1174 2177
1174 2180
1195 1924
1195 1955
1195 1972
1195 1986
1200 1895
1200 1919
1200 2016
1200 2048
1204 1920
1204 1924
1204 1936
1204 1948
1204 1973
1204 1976
1204 1981
1204 2048
1204 2120
1204 2124
1204 2153
1204 2191
1216 1995
1216 2036
1232 2016
1237 1976
1237 2037
1237 2147
1238 1928
1238 2145
1238 2186
1240 1972
1240 2122
1240 2145
1241 1928
1241 1976
1241 1977
1242 2130
1243 1928
1243 2036
1243 2081
1245 1976
1245 2009
1245 2025
1245 2037
1245 2143
1245 2177
1245 2180
1245 2190
1248 1895
1248 1947
1248 2020
1248 2095
1248 2118
1248 2161
1259 1974
1259 1986
1259 2002
1259 2094
1259 2095
1259 2166
1259 2177
1259 2191
1259 2192
1260 1940
1260 2130
1262 1895
1262 1919
1262 1924
1262 1971
1262 1976
1262 1989
1262 2027
1262 2048
1262 2094
1262 2118
1262 2186
1262 2191
1262 2193
1266 1895
1266 1911
1266 1919
1266 1924
1266 1955
1266 1973
1266 1976
1266 2025
1266 2037
1266 2047
1266 2094
1266 2118
1266 2120
1266 2124
1266 2180
1266 2186
1266 2191
1266 2192
1266 2193
1266 2195
1267 1955
1270 1924
1270 1972
1270 2122
1271 1895
1271 2153
1274 1901
1276 1981
1276 2118
1278 1907
1288 1895
1288 1911
1288 1955
1288 1976
1288 1989
1288 2020
1288 2028
1288 2036
1288 2039
1288 2094
1288 2104
1288 2120
1288 2124
1288 2150
1288 2192
1289 1955
1289 1976
1289 1977
1289 1987
1289 2037
1289 2122
1289 2124
1289 2153
1289 2171
1289 2186
1289 2193
1289 2197
1302 1910
1302 1924
1302 1947
1302 2122
1302 2161
1302 2191
1303 1924
1303 2047
1303 2124
1303 2192
1307 1910
1307 1936
1307 1981
1307 1995
1307 2009
1307 2027
1307 2028
1307 2121
1307 2130
1307 2193
1308 2095
1308 2191
1310 1895
1310 1901
1310 1907
1310 1910
1310 1911
1310 1919
1310 1920
1310 1924
1310 1925
1310 1926
1310 1928
1310 1934
1310 1936
1310 1948
1310 1955
1310 1971
1310 1972
1310 1973
1310 1975
1310 1976
1310 1977
1310 1981
1310 1986
1310 1987
1310 1989
1310 1997
1310 2002
1310 2016
1310 2020
1310 2027
1310 2028
1310 2036
1310 2037
1310 2039
1310 2047
1310 2061
1310 2065
1310 2081
1310 2090
1310 2094
1310 2095
1310 2104
1310 2118
1310 2120
1310 2121
1310 2122
1310 2124
1310 2130
1310 2145
1310 2147
1310 2150
1310 2153
1310 2161
1310 2166
1310 2176
1310 2177
1310 2180
1310 2181
1310 2186
1310 2188
1310 2191
1310 2192
1310 2195
1310 2197
1311 2130
1313 1972
1313 2118
1313 2143
1313 2180
1313 2191
1313 2192
1314 1972
1314 2118
1316 1928
1322 1981
1324 2037
1324 2192
1325 1977
1325 2028
1326 1915
1326 1976
1326 2016
1326 2104
1326 2191
1329 2028
1339 1895
1339 1901
1339 1911
1339 1924
1339 1934
1339 1955
1339 1972
1339 2090
1339 2094
1339 2153
1339 2161
1339 2166
1339 2192
1339 2197
1341 1977
1341 2016
1341 2028
1341 2037
1341 2039
1341 2047
1341 2122
1341 2145
1341 2161
1347 2090
1349 2020
1349 2104
1349 2118
1351 1974
1351 1976
1351 2094
1351 2104
1351 2166
1357 1980
1357 2061
1357 2180
1362 1895
1362 1901
1362 1910
1362 1915
1362 1919
1362 1921
1362 1924
1362 1928
1362 1934
1362 1943
1362 1955
1362 1971
1362 1972
1362 1974
1362 1976
1362 1977
1362 1981
1362 1987
1362 1989
1362 1993
1362 1995
1362 1997
1362 2002
1362 2016
1362 2028
1362 2036
1362 2037
1362 2039
1362 2048
1362 2061
1362 2095
1362 2118
1362 2122
1362 2131
1362 2153
1362 2161
1362 2166
1362 2177
1362 2180
1362 2181
1362 2186
1362 2188
1362 2191
1362 2192
1367 1893
1368 1895
1368 1924
1368 1955
1368 1976
1368 1995
1368 2047
1368 2081
1368 2150
1369 1997
1375 1910
1375 1915
1375 1934
1375 1971
1375 1976
1375 1977
1375 1989
1375 2094
1375 2166
1375 2191
1376 1976
1376 2094
1376 2120
1376 2122
1376 2192
1377 1972
1377 1989
1377 1993
1377 2191
1388 2114
1391 1907
1391 1911
1391 2104
1395 1907
1395 1980
1395 2037
1397 1987
1412 1976
1412 2037
1414 2143
1417 1976
1417 2130
1417 2188
1420 1910
1420 1952
1423 2188
1430 2120
1433 1895
1433 1971
1437 2104
1440 1972
1440 1976
1440 2191
1446 1907
1446 1926
1446 1976
1446 2027
1446 2122
1446 2130
1449 1971
1449 2180
1450 1976
1450 2025
1450 2065
1450 2186
1450 2192
1450 2193
1453 1911
1453 1919
1453 1924
1453 1928
1453 1971
1453 1972
1453 2020
1453 2150
1453 2161
1453 2197
1455 2016
1455 2037
1455 2104
1455 2171
1455 2192
1459 1976
1462 2118
1465 1940
1465 1976
1465 1987
1465 2025
1465 2036
1465 2048
1465 2122
1465 2143
1465 2171
1465 2176
1465 2191
1468 2104
1475 1928
1475 2181
1476 1915
1476 1972
1476 1976
1476 1987
1476 2028
1476 2036
1476 2039
1476 2180
1477 1924
1477 2094
1477 2192
1478 2009
1478 2130
1479 1911
1479 1915
1479 1976
1479 2001
1479 2037
1479 2094
1479 2104
1479 2122
1479 2191
1479 2193
1485 1971
1488 2122
1490 1907
1491 2099
1492 1928
1492 2037
1492 2081
1492 2120
1493 1901
1493 1943
1493 1977
1493 1986
1493 2037
1493 2107
1493 2177
1493 2192
1497 1910
1497 1919
1497 1993
1497 2081
1499 1915
1499 1921
1499 1934
1499 1980
1499 2028
1499 2036
1499 2039
1499 2057
1499 2061
1499 2090
1499 2099
1499 2131
1499 2150
1499 2161
1499 2180
1509 1910
1509 1948
1509 2061
1510 1907
1510 1924
1510 1976
1510 2025
1510 2037
1510 2186
1512 1921
1512 2016
1512 2099
1512 2118
1512 2130
1512 2131
1512 2143
1512 2150
1512 2161
1512 2181
1512 2188
1512 2191
1513 1915
1513 1928
1513 1977
1513 1981
1513 1987
1513 1989
1513 2036
1513 2039
1513 2047
1513 2118
1519 2047
1519 2121
1521 1907
1521 1911
1521 1915
1521 1919
1521 1971
1521 2037
1521 2047
1521 2094
1521 2124
1521 2186
1521 2192
1526 1919
1531 1895
1531 1915
1531 1919
1531 1955
1531 1973
1531 2020
1531 2095
1531 2181
1532 1919
1532 1948
1532 1973
1532 2009
1532 2124
1532 2145
1533 2065
1536 2130
1536 2143
1536 2177
1537 1915
1537 2099
1544 1924
1544 1955
1544 1976
1544 2020
1544 2028
1544 2047
1544 2095
1544 2104
1544 2124
1544 2131
1544 2145
1544 2150
1544 2161
1544 2177
1544 2180
1544 2188
1544 2193
1544 2197
1547 1910
1547 1980
1547 2016
1549 2143
1550 1895
1550 1919
1550 1924
1550 1936
1550 1972
1550 2065
1550 2150
1550 2153
1550 2161
1550 2191
1550 2192
1551 1924
1553 1895
1553 1901
1553 1924
1553 1948
1553 1955
1553 1971
1553 1972
1553 1976
1553 1981
1553 1986
1553 2011
1553 2039
1553 2048
1553 2122
1553 2124
1553 2186
1553 2191
1553 2192
1553 2197
1556 2025
1556 2125
1556 2166
1567 1910
1567 1955
1567 1971
1567 1972
1567 2118
1567 2120
1567 2122
1567 2145
1567 2150
1567 2161
1567 2177
1567 2188
1569 1919
1569 2016
1569 2191
1575 1973
1575 2037
1575 2124
1576 1924
1576 1976
1578 1907
1589 1911
1589 1921
1593 2104
1596 1895
1596 1924
1596 1928
1596 2166
1604 1895
1604 1901
1604 1924
1604 1925
1604 1971
1604 2095
1604 2104
1604 2143
1604 2188
1604 2191
1607 1921
1607 1972
1607 1977
1607 1987
1607 1989
1607 1997
1607 2047
1610 2118
1615 1973
1615 1993
1615 1995
1615 2130
1615 2177
1625 1981
1631 1907
1631 2037
1634 1971
1634 2048
1635 1911
1635 1915
1635 1919
1635 1921
1635 1928
1635 1934
1635 1943
1635 1948
1635 1993
1635 2028
1635 2036
1635 2039
1635 2048
1635 2090
1635 2099
1635 2191
1638 1895
1638 1919
1638 1934
1638 1971
1638 1974
1638 2002
1638 2009
1638 2016
1638 2020
1638 2025
1638 2037
1638 2094
1638 2095
1638 2145
1638 2147
1638 2150
1638 2177
1638 2186
1638 2188
1638 2191
1638 2192
1638 2197
1641 1976
1651 2166
1658 1976
1661 1925
1661 1955
1661 1973
1661 2061
1661 2104
1661 2166
1671 2020
1671 2104
1671 2125
1673 2104
1673 2122
1674 1920
1674 2016
1674 2104
1674 2193
1674 2195
1678 1895
1678 1920
1678 1924
1678 1925
1678 1943
1678 1948
1678 1955
1678 1972
1678 1973
1678 1974
1678 1986
1678 2002
1678 2016
1678 2027
1678 2037
1678 2094
1678 2104
1678 2120
1678 2122
1678 2124
1678 2143
1678 2145
1678 2147
1678 2153
1678 2161
1678 2177
1678 2186
1678 2192
1678 2193
1678 2195
1681 2090
1682 1910
1682 1915
1682 1977
1682 1980
1682 1987
1682 1989
1682 2028
1682 2191
1685 1910
1685 1911
1685 1977
1685 1986
1685 1989
1685 2020
1685 2039
1685 2118
1685 2150
1685 2161
1685 2166
1685 2188
1689 1920
1690 1901
1690 1911
1690 1972
1690 1976
1690 2130
1691 2118
1695 1973
1695 2037
1695 2166
1696 1895
1696 1924
1696 1928
1696 1971
1696 2020
1696 2047
1696 2150
1696 2191
1696 2197
1697 2118
1697 2192
1702 1910
1702 1911
1702 1915
1702 1934
1702 1980
1702 2061
1702 2095
1702 2118
1702 2180
1702 2188
1702 2191
1704 1911
1705 1901
1705 1974
1705 1986
1705 2122
1710 1907
1710 1925
1710 1955
1710 1976
1710 2081
1710 2090
1710 2104
1710 2118
1710 2130
1710 2197
1711 2090
1715 1907
1715 1921
1715 2090
1717 1907
1717 2016
1733 2145
1738 1989
1738 1997
1739 2193
1740 2090
1741 2090
1744 1971
1746 1915
1746 2095
1746 2171
1756 1911
1756 1915
1756 1921
1756 1934
1756 1943
1756 1955
1756 1971
1756 1974
1756 1976
1756 1977
1756 1981
1756 1987
1756 1989
1756 1997
1756 2025
1756 2028
1756 2036
1756 2039
1756 2191
1756 2192
1757 2090
1757 2095
1757 2191
1759 1895
1759 1910
1759 1976
1759 2028
1759 2122
1759 2145
1763 1987
1763 2090
1763 2095
1763 2171
1763 2172
1763 2181
1763 2188
1763 2191
1766 1910
1766 1924
1766 1928
1766 1971
1766 1972
1766 2036
1766 2039
1766 2047
1766 2057
1766 2090
1766 2095
1766 2099
1766 2131
1766 2161
1766 2172
1766 2191
1766 2197
1773 1971
1774 1916
1775 1928
1775 1971
1775 1980
1775 2039
1775 2061
1775 2118
1775 2180
1775 2191
1781 1976
1782 1916
1783 1910
1783 1972
1783 2061
1783 2090
1783 2095
1783 2150
1783 2161
1783 2180
1783 2188
1783 2191
1784 2090
1785 2090
1785 2118
1788 1914
1788 1916
1788 1948
1788 1995
1788 2028
1788 2118
1790 1972
1790 1976
1790 2094
1790 2143
1790 2145
1790 2166
1790 2177
1790 2192
1793 1901
1796 1997
1796 2037
1796 2122
1800 2056
1801 1919
1801 2186
1801 2191
1802 2177
1803 2118
1803 2180
1804 2009
1804 2020
1804 2037
1804 2081
1804 2090
1804 2118
1804 2131
1805 1910
1805 1915
1805 1924
1805 1972
1805 1973
1805 1976
1805 1980
1805 1986
1805 1993
1805 2025
1805 2028
1805 2039
1805 2061
1805 2081
1805 2125
1805 2153
1805 2180
1805 2181
1805 2186
1805 2188
1805 2192
1807 1895
1807 1915
1807 1936
1807 1976
1807 1977
1807 1981
1807 1997
1807 2118
1807 2131
1807 2180
1807 2192
1813 1976
1813 2037
1813 2166
1814 2020
1814 2090
1817 1910
1817 1971
1817 1972
1817 1977
1817 1980
1817 1989
1817 1993
1817 1997
1817 2020
1817 2028
1817 2036
1817 2039
1817 2047
1817 2061
1817 2090
1817 2095
1817 2099
1817 2118
1817 2150
1817 2161
1817 2171
1817 2180
1817 2181
1817 2188
1817 2191
1817 2197
1818 1976
1819 1895
1819 1919
1819 1924
1819 1947
1819 1971
1819 1972
1819 1973
1819 1976
1819 2020
1819 2025
1819 2037
1819 2059
1819 2081
1819 2090
1819 2104
1819 2122
1819 2130
1819 2131
1819 2143
1819 2161
1819 2192
1826 1976
1826 2037
1827 1926
1827 1947
1827 1955
1827 1972
1827 1976
1827 2002
1827 2009
1827 2020
1827 2037
1827 2081
1827 2118
1827 2130
1827 2143
1827 2166
1827 2192
1834 2192
1836 1911
1836 1977
1839 1976
1839 2016
1839 2122
1845 1911
1845 1915
1845 1943
1845 1952
1845 1971
1845 1977
1845 2181
1846 2147
1848 2099
1848 2143
1848 2171
1850 1924
1850 1976
1850 1980
1850 1987
1850 2047
1850 2048
1850 2061
1850 2090
1850 2118
1850 2171
1850 2177
1850 2186
1850 2192
1855 2095
1858 1928
1860 1928
1860 2020
1860 2150
1860 2197
1867 2037
1871 1916
1873 2118
1879 2114
1879 2118
1880 1920
1880 1986
1880 2047
1880 2118
1880 2145
1880 2192
1881 1915
1881 1921
1881 2147
1886 2036
1886 2081
1893 2037
1893 2150
1895 1972
1895 1976
1895 2094
1896 2081
1896 2118
1897 2020
1898 1904
1899 1895
1899 1904
1899 2002
1900 1901
1900 1910
1900 1924
1900 2020
1900 2048
1900 2118
1900 2186
1900 2192
1901 2039
1901 2061
1901 2118
1901 2180
1901 2188
1901 2192
1903 1919
1903 1980
1903 1993
1903 2028
1903 2039
1903 2095
1903 2118
1903 2176
1903 2188
1903 2191
1904 1943
1906 1895
1906 1901
1906 1911
1906 1915
1906 1919
1906 1924
1906 1934
1906 1972
1906 1974
1906 2002
1906 2048
1906 2094
1906 2153
1906 2191
1907 1919
1907 1920
1907 1924
1907 1925
1907 1936
1907 1947
1907 1948
1907 1955
1907 1973
1907 1976
1907 2025
1907 2037
1907 2081
1907 2090
1907 2104
1907 2124
1907 2131
1907 2143
1907 2147
1907 2153
1907 2166
1907 2177
1907 2186
1907 2190
1907 2191
1907 2192
1907 2193
1909 1911
1910 1907
1910 1911
1910 1924
1910 1943
1910 1971
1910 1974
1910 1976
1910 1989
1910 2002
1910 2037
1910 2061
1910 2114
1910 2118
1910 2143
1910 2176
1910 2192
1911 2118
1911 2188
1913 1912
1915 1972
1915 2143
1917 1940
1917 1971
1917 1986
1917 2036
1917 2039
1918 1915
1919 1901
1919 1980
1919 2061
1920 1919
1920 1921
1920 2186
1922 2118
1923 1948
1923 1972
1923 1981
1923 1997
1923 2028
1923 2036
1923 2039
1923 2161
1924 1895
1924 1910
1924 1928
1924 1971
1924 1977
1924 1989
1924 2020
1924 2047
1924 2048
1924 2061
1924 2095
1924 2118
1924 2130
1924 2131
1924 2143
1924 2147
1924 2150
1924 2161
1924 2180
1924 2188
1924 2192
1924 2197
1925 1895
1925 1915
1925 2025
1925 2065
1925 2147
1925 2177
1925 2191
1926 1915
1926 1976
1926 2081
1926 2122
1926 2125
1926 2166
1926 2177
1927 1915
1928 1976
1928 2025
1928 2028
1928 2059
1929 1934
1930 1934
1931 1934
1932 1934
1933 1895
1933 2028
1933 2037
1933 2039
1933 2177
1933 2191
1935 1910
1935 1977
1935 1980
1935 2028
1935 2048
1935 2061
1935 2180
1935 2181
1936 1936
1936 2037
1938 1936
1941 1943
1941 2036
1943 1901
1943 2037
1943 2104
1943 2190
1945 2118
1946 1948
1947 1907
1947 2009
1947 2118
1948 1920
1948 1925
1948 1947
1948 1955
1948 1973
1948 2048
1948 2104
1948 2124
1948 2143
1948 2166
1948 2193
1948 2195
1955 1895
1955 1948
1955 1976
1955 1981
1955 1986
1955 2037
1955 2065
1955 2081
1955 2094
1955 2104
1955 2118
1955 2120
1955 2122
1955 2124
1955 2143
1955 2145
1955 2150
1955 2171
1955 2192
1956 1947
1956 1976
1956 2118
1956 2150
1956 2161
1957 1919
1957 1924
1957 1971
1957 1976
1957 2037
1957 2047
1957 2104
1957 2150
1957 2161
1957 2166
1957 2186
1961 1962
1963 2118
1964 2186
1965 1943
1966 1943
1969 1974
1971 1947
1971 1997
1971 2118
1972 1895
1972 1955
1972 1972
1972 2037
1972 2104
1972 2177
1972 2181
1972 2186
1972 2192
1973 2104
1975 1920
1975 1925
1975 1947
1975 1948
1975 1955
1975 1964
1975 1973
1975 1974
1975 1976
1975 1977
1975 1986
1975 1987
1975 1989
1975 1997
1975 2002
1975 2027
1975 2037
1975 2048
1975 2052
1975 2059
1975 2104
1975 2120
1975 2122
1975 2124
1975 2130
1975 2143
1975 2145
1975 2147
1975 2166
1975 2177
1975 2186
1975 2190
1975 2192
1975 2193
1975 2195
1976 1910
1976 1920
1976 1925
1976 1928
1976 1955
1976 1971
1976 1973
1976 1977
1976 1980
1976 1989
1976 1993
1976 1997
1976 2028
1976 2036
1976 2039
1976 2047
1976 2048
1976 2061
1976 2090
1976 2095
1976 2099
1976 2104
1976 2118
1976 2120
1976 2122
1976 2124
1976 2143
1976 2147
1976 2150
1976 2166
1976 2171
1976 2180
1976 2186
1976 2188
1976 2191
1976 2193
1976 2195
1976 2197
1978 1981
1979 1981
1980 1981
1980 2048
1980 2192
1982 1987
1983 1987
1984 1987
1985 1987
1986 1972
1986 2118
1986 2122
1988 1989
1988 2191
1990 1993
1991 1993
1992 1993
1996 1997
2002 1947
2002 1973
2002 1976
2002 2124
2002 2147
2002 2166
2002 2186
2002 2192
2002 2193
2006 2007
2009 1948
2009 2065
2010 1924
2010 1955
2010 1976
2010 2028
2010 2048
2010 2124
2010 2191
2010 2192
2010 2197
2012 2095
2012 2180
2012 2188
2012 2191
2013 2122
2013 2161
2013 2166
2013 2192
2013 2197
2014 1936
2014 2009
2014 2037
2014 2048
2015 2103
2016 1895
2016 1919
2016 1928
2016 1972
2016 1973
2016 2020
2016 2039
2016 2090
2016 2104
2016 2118
2016 2150
2016 2153
2016 2161
2016 2166
2016 2180
2016 2188
2016 2191
2017 2099
2018 2090
2020 1924
2020 2090
2020 2099
2020 2118
2020 2180
2020 2197
2021 1907
2021 1910
2021 2037
2021 2094
2021 2192
2022 2039
2022 2118
2022 2172
2023 1925
2023 1976
2023 2036
2023 2048
2023 2104
2023 2130
2023 2166
2025 1955
2025 1972
2025 2122
2025 2130
2025 2143
2027 1907
2027 1924
2027 1976
2027 2016
2027 2028
2027 2052
2027 2125
2027 2130
2027 2166
2033 2120
2034 2036
2035 1980
2035 2036
2037 1955
2037 1975
2037 2039
2037 2118
2037 2120
2037 2130
2037 2186
2037 2195
2038 2039
2042 2145
2045 2002
2047 2121
2047 2177
2048 1919
2048 1920
2048 1924
2048 1948
2048 1964
2048 1974
2048 2020
2048 2059
2048 2094
2048 2124
2048 2143
2048 2147
2048 2161
2048 2177
2048 2186
2048 2193
2049 2118
2052 1972
2052 2020
2052 2057
2052 2181
2055 2056
2058 1907
2058 2090
2059 2061
2060 2061
2061 1901
2061 1910
2061 1924
2061 2188
2061 2192
2062 2090
2063 2090
2064 2090
2065 1907
2065 1925
2065 2090
2066 2090
2067 2090
2068 2090
2069 1907
2069 2027
2069 2090
2070 2090
2071 2090
2072 2090
2073 2090
2074 2090
2075 2090
2076 2090
2077 2090
2078 2090
2079 2090
2080 2090
2081 1943
2081 2065
2081 2090
2081 2118
2082 2090
2083 1907
2083 2090
2084 2090
2085 2090
2086 2090
2091 2095
2092 1895
2092 1907
2092 1928
2092 1971
2092 1972
2092 2020
2092 2090
2092 2095
2092 2150
2092 2153
2092 2161
2092 2191
2092 2197
2093 1895
2093 1919
2093 1924
2093 1928
2093 1971
2093 2016
2093 2020
2093 2047
2093 2095
2093 2150
2093 2161
2093 2191
2093 2197
2094 1895
2094 1901
2094 1919
2094 1924
2094 1928
2094 1955
2094 1971
2094 1976
2094 2016
2094 2020
2094 2037
2094 2047
2094 2120
2094 2150
2094 2153
2094 2177
2094 2191
2094 2192
2094 2197
2096 1895
2096 1928
2096 1972
2096 2052
2096 2099
2096 2153
2096 2191
2097 2099
2098 2099
2102 2171
2104 1895
2104 1907
2104 1924
2104 1925
2104 1947
2104 1955
2104 1972
2104 1974
2104 1976
2104 2009
2104 2016
2104 2020
2104 2027
2104 2048
2104 2059
2104 2081
2104 2120
2104 2122
2104 2124
2104 2125
2104 2145
2104 2150
2104 2153
2104 2161
2104 2166
2104 2177
2104 2186
2104 2191
2104 2192
2104 2193
2104 2195
2105 1910
2106 1910
2106 1976
2112 1895
2112 1924
2112 1955
2112 2104
2112 2114
2112 2115
2112 2124
2112 2191
2112 2192
2113 2118
2116 1955
2116 1972
2116 2120
2116 2145
2116 2177
2118 1924
2118 1955
2118 1972
2118 1976
2118 1986
2118 2009
2118 2025
2118 2037
2118 2122
2118 2145
2118 2147
2118 2150
2118 2177
2118 2186
2120 1919
2120 2094
2121 1895
2121 1901
2121 1928
2121 1971
2121 1973
2121 1974
2121 2002
2121 2020
2121 2047
2121 2094
2121 2118
2121 2124
2121 2177
2121 2191
2121 2192
2122 1972
2122 2090
2122 2145
2124 1901
2124 1976
2124 2016
2124 2047
2124 2094
2124 2104
2124 2118
2124 2124
2124 2145
2124 2166
2124 2188
2124 2191
2124 2192
2126 2131
2127 2131
2128 2131
2129 2131
2130 2131
2130 2177
2130 2180
2130 2188
2132 2124
2138 2122
2143 1910
2143 2025
2144 1919
2144 1924
2144 1972
2144 2037
2144 2118
2145 1895
2145 1901
2145 1928
2145 1948
2145 1955
2145 1972
2145 1976
2145 2002
2145 2081
2145 2118
2145 2122
2145 2195
2145 2197
2146 2118
2147 1976
2148 2118
2148 2122
2149 1971
2149 1986
2149 2118
2149 2145
2149 2171
2149 2180
2150 1948
2150 1955
2150 1974
2150 1976
2150 2016
2150 2065
2150 2094
2150 2104
2150 2118
2150 2161
2150 2177
2151 2118
2151 2186
2152 1919
2152 1924
2152 2016
2152 2094
2152 2118
2152 2124
2152 2166
2152 2177
2152 2186
2152 2191
2153 1928
2153 2016
2153 2118
2153 2180
2154 2118
2156 1971
2156 2047
2158 1928
2158 1971
2158 1972
2158 1988
2158 2048
2158 2052
2158 2090
2158 2150
2158 2161
2158 2197
2160 1895
2160 1924
2160 1947
2160 1973
2160 2002
2160 2090
2160 2122
2160 2124
2160 2166
2161 1924
2161 1972
2161 1973
2161 2104
2161 2122
2161 2161
2161 2166
2161 2191
2161 2193
2165 1907
2165 1973
2165 2081
2165 2122
2165 2177
2166 1893
2166 1895
2166 1901
2166 1907
2166 1910
2166 1919
2166 1920
2166 1924
2166 1925
2166 1926
2166 1928
2166 1947
2166 1948
2166 1955
2166 1971
2166 1972
2166 1973
2166 1974
2166 1976
2166 1986
2166 2002
2166 2009
2166 2014
2166 2016
2166 2020
2166 2025
2166 2027
2166 2037
2166 2047
2166 2048
2166 2052
2166 2059
2166 2081
2166 2090
2166 2094
2166 2104
2166 2115
2166 2120
2166 2122
2166 2124
2166 2125
2166 2130
2166 2131
2166 2143
2166 2145
2166 2147
2166 2150
2166 2153
2166 2161
2166 2177
2166 2186
2166 2190
2166 2191
2166 2192
2166 2193
2166 2195
2166 2197
2167 2143
2168 2037
2170 1952
2170 2171
2173 2176
2173 2180
2173 2188
2174 2176
2175 2176
2177 1901
2177 1919
2177 1943
2177 1973
2177 1986
2177 2020
2177 2025
2177 2037
2177 2048
2177 2052
2177 2090
2177 2094
2177 2121
2177 2145
2177 2180
2177 2190
2177 2192
2178 2180
2178 2181
2179 1972
2179 2047
2179 2180
2179 2188
2182 2188
2183 2188
2184 2188
2185 2188
2186 1920
2186 1976
2186 1986
2186 2037
2186 2147
2186 2188
2186 2192
2187 2188
2188 2177
2190 1907
2190 2020
2191 1971
2191 1976
2191 2048
2192 1924
2192 1928
2192 1971
2192 2037
2192 2047
2192 2147
2192 2177
2192 2186
2193 1907
2193 1928
2193 1936
2193 1976
2193 2130
2193 2161
2193 2186
2194 2191
2196 1919
2196 2191
2200 1919
2200 1972
2200 2025
2200 2130
2200 2145
2200 2150
2200 2177
2200 2192
2203 1928
2203 1971
2203 2011
2203 2047
2203 2090
2203 2161
2206 1972
2206 2143
2207 1972
2207 2020
2207 2037
2207 2130
2207 2166
2207 2191
2207 2192
2208 2143
2212 1901
2212 1972
2212 2047
2212 2143
2213 1901
2213 1920
2213 1924
2213 2020
2213 2047
2213 2124
2213 2186
2213 2192
2214 1976
2214 2016
2214 2094
2214 2104
2214 2143
2214 2150
2214 2161
2214 2186
2215 1952
2215 2153
2215 2177
2215 2192
2217 1925
2217 1973
2217 2020
2217 2037
2217 2143
2217 2166
2217 2186
2217 2195
2223 2191
2224 2191
2233 1924
2233 2150
2233 2161
2233 2191
2234 1928
2234 2052
2234 2090
2235 2010
2238 1895
2238 1901
2238 1910
2238 1920
2238 1924
2238 1925
2238 1947
2238 1948
2238 1971
2238 1973
2238 1976
2238 1986
2238 2020
2238 2027
2238 2037
2238 2048
2238 2120
2238 2124
2238 2131
2238 2143
2238 2145
2238 2147
2238 2166
2238 2177
2238 2186
2238 2192
2238 2195
2239 1907
2239 1920
2239 1925
2239 1976
2239 2016
2239 2037
2239 2048
2239 2104
2239 2143
2239 2147
2239 2166
2239 2177
2239 2186
2239 2192
2240 1955
2240 1973
2240 2016
2240 2048
2240 2090
2240 2104
2240 2124
2240 2143
2240 2153
2240 2177
2240 2186
2241 2016
2241 2161
2242 1920
2242 1925
2242 1955
2242 1973
2242 2048
2242 2104
2242 2177
2243 1910
2243 1920
2243 1925
2243 1948
2243 1955
2243 1973
2243 1975
2243 2009
2243 2048
2243 2104
2243 2131
2243 2166
2243 2190
2245 1901
2245 1920
2245 1972
2245 1973
2245 1974
2245 1976
2245 2002
2245 2025
2245 2037
2245 2094
2245 2104
2245 2120
2245 2124
2245 2130
2245 2145
2245 2153
2245 2177
2245 2190
2245 2191
2245 2192
2245 2195
2247 1924
2250 1919
2250 1924
2250 1971
2250 2047
2251 1936
2251 1974
2251 2037
2251 2094
2251 2121
2255 1952
2256 1952
2256 2011
2257 1952
2258 1895
2258 1901
2258 1919
2258 1920
2258 1948
2258 1955
2258 1973
2258 2002
2258 2016
2258 2094
2258 2104
2258 2143
2258 2145
2258 2153
2258 2161
2258 2177
2258 2195
2261 2166
2264 1971
2264 1972
2267 1895
2267 1901
2267 1907
2267 1943
2267 1948
2267 1955
2267 1974
2267 1976
2267 1986
2267 2002
2267 2104
2267 2124
2267 2145
2267 2153
2267 2166
2267 2177
2267 2186
2267 2192
2268 1986
2269 1895
2269 1901
2269 1907
2269 1910
2269 1919
2269 1920
2269 1924
2269 1925
2269 1926
2269 1936
2269 1947
2269 1948
2269 1955
2269 1964
2269 1973
2269 1974
2269 1975
2269 1976
2269 1986
2269 2002
2269 2009
2269 2014
2269 2016
2269 2025
2269 2027
2269 2037
2269 2048
2269 2059
2269 2065
2269 2081
2269 2094
2269 2104
2269 2107
2269 2121
2269 2124
2269 2130
2269 2143
2269 2145
2269 2147
2269 2153
2269 2166
2269 2177
2269 2186
2269 2190
2269 2191
2269 2192
2269 2193
2269 2195
2270 1925
2270 1974
2270 2037
2270 2104
2271 1895
2271 1901
2271 1974
2271 2002
2271 2153
2271 2191
2272 1973
2272 1976
2272 2037
2272 2104
2272 2122
2272 2166
2272 2177
2273 1974
2273 1986
2273 2177
2274 1920
2274 1947
2274 1948
2274 1955
2274 1973
2274 1976
2274 2016
2274 2025
2274 2048
2274 2059
2274 2104
2274 2124
2274 2130
2274 2145
2274 2153
2274 2177
2274 2186
2274 2192
2274 2195
2275 2037
2275 2094
2275 2190
2276 1974
2277 1895
2277 1907
2277 1974
2277 1976
2277 2002
2277 2104
2277 2177
2278 1901
2278 1972
2278 1975
2278 1976
2278 2048
2278 2143
2278 2166
2278 2186
2279 1974
2279 2002
2280 1920
2280 1974
2280 1975
2281 1920
2281 1925
2281 1948
2281 1955
2281 1973
2281 1974
2281 1976
2281 1986
2281 2027
2281 2052
2281 2104
2281 2120
2281 2124
2281 2143
2281 2145
2281 2186
2281 2192
2281 2193
2281 2195
2282 1895
2282 1928
2282 1974
2282 2002
2282 2016
2282 2145
2282 2177
2282 2192
2283 1895
2283 1919
2283 2025
2283 2190
2284 1895
2284 1901
2284 1948
2284 1955
2284 1974
2284 1986
2284 2002
2284 2048
2284 2145
2284 2177
2284 2192
2285 1895
2285 1907
2285 1919
2285 1973
2285 1974
2285 2002
2285 2016
2285 2020
2285 2130
2285 2177
2285 2186
2286 1974
2286 2166
2286 2195
2287 1895
2287 1907
2287 1919
2287 1947
2287 1974
2287 1976
2287 1986
2287 2002
2287 2009
2287 2027
2287 2094
2287 2130
2287 2143
2287 2166
2287 2191
2287 2192
2290 1920
2290 1925
2290 1947
2290 1948
2290 1955
2290 1964
2290 1973
2290 1974
2290 1976
2290 1986
2290 2002
2290 2027
2290 2048
2290 2094
2290 2104
2290 2120
2290 2124
2290 2143
2290 2145
2290 2147
2290 2166
2290 2177
2290 2186
2290 2192
2290 2193
2290 2195
2295 1920
2295 1976
2295 2147
2295 2192
2302 1919
2302 1947
2302 1955
2302 1976
2302 2094
2302 2104
2302 2124
2302 2186
2302 2191
2306 1907
2308 2037
2311 2047
2311 2161
2313 2052
2313 2107
2313 2143
2314 1924
2314 1976
2314 2094
2314 2186
2314 2192
2314 2193
2315 1925
2315 1947
2315 1948
2315 1976
2315 2048
2315 2104
2315 2124
2315 2166
2315 2186
2318 2037
2323 1926
2323 2130
2327 1925
2327 1934
2327 2125
2327 2147
2330 1928
2330 1972
2330 2020
2330 2145
2330 2150
2330 2161
2330 2197
2335 1972
2335 1976
2335 2094
2335 2120
2335 2143
2336 1943
2336 1955
2336 1976
2336 2047
2336 2065
2336 2177
2339 2052
2339 2059
2341 2161
2348 2131
2349 2047
2350 1925
2351 1901
2351 1924
2351 1955
2351 1971
2351 1973
2351 1975
2351 2037
2351 2048
2351 2065
2351 2094
2351 2124
2351 2130
2351 2143
2351 2145
2351 2177
2351 2186
2351 2191
2352 1955
2352 2020
2352 2048
2352 2150
2353 1928
2353 2020
2353 2197
2354 2177
2358 2166
2363 2143
2364 2037
2366 2037
2366 2059
2369 1971
2369 1972
2374 1924
2374 1971
2374 1972
2379 1972
2379 2150
2379 2161
2380 1924
2380 1976
2380 2025
2380 2094
2380 2192
2382 2016
2385 1948
2385 2143
2385 2186
2385 2191
2387 1924
2387 1928
2387 2020
2387 2090
2387 2197
2388 1901
2388 1920
2388 1948
2388 1955
2388 1973
2388 2002
2388 2037
2388 2052
2388 2094
2388 2104
2388 2122
2388 2124
2388 2145
2388 2192
2388 2195
2397 2002
2397 2104
2397 2120
2397 2122
2397 2143
2399 1895
2399 1928
2400 1928
2401 1928
2402 1928
2403 1907
2403 1928
2403 1976
2403 2037
2403 2104
2403 2120
2403 2145
2403 2166
2403 2186
2404 2145
2406 2090
2407 2090
2409 2197
2412 1895
2412 1901
2412 1919
2412 1925
2412 1948
2412 1955
2412 1974
2412 1976
2412 2009
2412 2016
2412 2025
2412 2027
2412 2037
2412 2081
2412 2090
2412 2094
2412 2104
2412 2120
2412 2130
2412 2147
2412 2161
2412 2186
2412 2190
2412 2193
2413 1895
2413 1972
2413 2090
2413 2143
2421 1972
2423 2090
2424 2090
2425 2090
2426 2090
2427 2090
2428 2090
2429 2090
2430 2090
2431 2090
2432 2090
2433 1955
2435 2191
2435 2192
2438 2048
2438 2166
2438 2191
2442 2143
2442 2145
2443 1907
2443 2027
2443 2037
2443 2104
2443 2130
2443 2143
2444 1901
2444 1919
2444 1974
2444 2002
2444 2016
2444 2081
2444 2094
2444 2177
2444 2191
2445 2020
2445 2037
2449 2020
2453 1920
2453 1924
2453 1964
2453 1976
2453 2020
2453 2048
2453 2094
2453 2104
2453 2143
2453 2186
2454 2020
2455 2150
2461 1976
2461 2104
2461 2150
2461 2166
2461 2192
2463 2131
2466 2048
2467 1919
2467 1934
2467 1948
2467 1955
2467 1973
2467 1974
2467 1986
2467 2104
2467 2124
2467 2166
2467 2177
2467 2191
2467 2192
2468 2143
2472 2104
2472 2150
2473 1919
2473 2016
2473 2150
2473 2153
2473 2191
2474 2150
2475 1972
2475 2150
2475 2161
2476 1955
2476 2150
2476 2177
2478 1986
2478 2016
2478 2104
2483 1895
2483 1924
2483 1972
2483 1976
2483 2048
2483 2094
2483 2124
2483 2186
2483 2192
2488 1895
2488 1924
2488 2027
2488 2193
2491 1907
2491 1910
2491 1920
2491 1924
2491 1925
2491 1948
2491 1955
2491 1974
2491 1975
2491 1976
2491 2002
2491 2009
2491 2016
2491 2025
2491 2027
2491 2037
2491 2048
2491 2059
2491 2081
2491 2094
2491 2104
2491 2120
2491 2130
2491 2131
2491 2166
2491 2177
2491 2193
2491 2195
2492 1895
2492 1919
2492 1926
2492 1955
2492 2145
2495 1907
2495 1910
2495 1934
2495 1976
2495 2009
2495 2014
2495 2025
2495 2065
2495 2121
2495 2125
2495 2131
2495 2166
2495 2177
2495 2190
2497 2166
2501 1907
2503 2161
2504 1976
2508 2016
2509 2016
2510 1920
2510 1925
2510 1976
2510 2104
2510 2166
2510 2190
2511 2016
2511 2166
2515 1907
2516 1973
2517 1972
2518 1972
2519 1895
2519 1972
2519 2048
2520 1972
2520 2104
2520 2145
2521 1972
2521 2009
2522 1972
2523 1972
2524 1924
2524 1955
2524 1972
2524 2094
2524 2177
2524 2186
2524 2192
2525 1895
2525 1924
2525 1972
2525 1974
2525 2002
2525 2016
2525 2192
2526 1919
2527 1920
2527 1948
2527 1955
2527 1976
2527 2122
2527 2166
2527 2177
2527 2186
2528 1919
2528 1920
2528 1925
2528 1955
2528 1973
2528 1974
2528 1975
2528 2002
2528 2048
2528 2104
2528 2124
2528 2147
2528 2166
2528 2195
2533 1926
2533 1976
2535 1924
2536 1924
2536 2166
2538 1895
2538 1901
2538 1974
2538 1976
2538 2002
2538 2016
2538 2094
2538 2177
2538 2191
2538 2192
2541 1895
2541 1901
2541 1964
2541 2048
2541 2104
2541 2124
2541 2145
2541 2186
2541 2192
2542 1907
2543 1895
2543 1907
2543 1919
2543 1920
2543 1964
2543 1973
2543 1976
2543 1986
2543 2001
2543 2016
2543 2027
2543 2048
2543 2104
2543 2124
2543 2130
2543 2143
2543 2147
2543 2153
2543 2166
2543 2190
2543 2193
2544 2081
2544 2177
2545 1901
2545 1907
2545 1920
2545 1924
2545 1925
2545 1955
2545 1975
2545 1976
2545 2016
2545 2037
2545 2104
2545 2124
2545 2153
2545 2177
2545 2186
2548 1901
2548 2016
2548 2037
2548 2104
2548 2145
2548 2166
2548 2177
2548 2192
2549 1920
2549 1925
2549 1943
2549 1947
2549 1948
2549 1975
2549 1976
2549 2037
2549 2104
2549 2122
2549 2130
2549 2153
2549 2166
2549 2177
2549 2186
2549 2190
2549 2192
2550 1919
2550 1947
2550 1948
2550 1955
2550 1976
2550 2016
2550 2094
2550 2104
2550 2153
2550 2191
2551 1901
2551 1907
2551 1976
2551 2037
2551 2065
2552 1907
2554 1924
2555 1924
2556 1924
2556 1976
2556 2037
2556 2186
2556 2192
2557 1924
2558 1924
2558 2016
2558 2065
2558 2145
2558 2177
2558 2192
2559 1924
2560 1924
2561 1924
2561 2094
2562 1919
2562 2048
2563 1919
2563 2048
2567 2094
2569 1901
2569 1925
2569 2186
2570 1919
2570 1948
2570 2048
2570 2052
2570 2104
2570 2191
2570 2192
2571 2130
2572 1907
2572 1919
2572 1976
2572 2016
2572 2094
2572 2104
2572 2120
2572 2191
2573 1919
2575 1895
2575 1901
2575 2016
2575 2094
2575 2104
2575 2191
2580 1919
2581 1919
2581 1974
2581 2002
2581 2016
2581 2153
2581 2195
2582 1919
2582 2009
2582 2104
2582 2120
2582 2124
2582 2192
2583 1919
2584 1919
2585 1919
2586 2048
2587 2048
2588 2191
2588 2192
2590 2191
2591 2037
2591 2048
2591 2104
2591 2186
2591 2191
2594 2016
2595 1895
2595 1907
2595 2037
2595 2120
2595 2122
2597 2016
2597 2104
2599 1895
2599 2014
2599 2177
2602 1895
2602 1901
2602 2016
2603 2145
2604 1895
2604 2016
2610 1955
2610 2104
2610 2143
2611 1907
2613 1976
2613 2014
2613 2025
2613 2192
2625 1974
2625 2104
2625 2177
2625 2192
2627 2177
2627 2186
2639 2190
2640 1907
2640 1948
2640 1973
2640 1986
2640 2002
2640 2016
2640 2081
2640 2104
2640 2122
2640 2124
2640 2143
2640 2192
2641 1910
2641 1976
2643 1895
2643 2186
2644 1955
2644 1976
2654 1907
2659 2153
2660 2153
2661 2153
2662 1947
2662 1976
2662 2122
2662 2177
2664 2016
2665 2016
2666 2016
2667 1925
2667 2016
2667 2048
2667 2104
2667 2122
2667 2166
2667 2193
2668 2016
2669 1895
2669 1948
2669 1955
2669 1973
2669 1976
2669 2124
2669 2145
2680 2037
2681 1955
2681 1974
2681 2104
2681 2124
2681 2186
2681 2192
2683 1925
2683 2104
2683 2186
2686 1907
2686 1986
2686 2104
2687 2048
2687 2166
2688 2177
2691 1907
2691 2027
2692 1895
2692 1907
2692 1948
2692 2177
2693 1907
2694 1907
2696 1895
2696 1976
2696 2081
2704 1943
2707 1895
2707 2025
2707 2125
2707 2130
2711 2177
2721 1973
2721 1986
2721 2104
2721 2124
2721 2145
2721 2186
2721 2192
2721 2193
2724 2009
2724 2037
2724 2048
2724 2192
2726 1976
2726 2002
2726 2037
2726 2130
2726 2143
2726 2166
2728 2177
2728 2192
2730 1955
2739 2130
2739 2177
2740 2192
2741 1910
2741 1955
2741 1976
2741 2104
2741 2124
2741 2166
2741 2193
2749 1907
2749 1920
2749 1948
2749 1974
2749 2104
2749 2124
2749 2186
2749 2192
2749 2193
2749 2195
2750 1910
2750 1948
2750 1975
2750 1976
2750 2002
2750 2131
2750 2166
2750 2193
2753 2177
2754 1986
2754 2002
2757 2192
2761 1925
2761 1955
2761 1986
2761 2048
2761 2104
2761 2145
2761 2166
2765 2094
2766 2002
2766 2094
2767 2094
2769 1976
2771 1926
2771 2186
2772 2037
2773 1976
2773 2122
2773 2143
2776 1907
2776 1974
2777 1974
2778 1974
2780 1948
2780 2002
2781 2002
2784 1948
2784 2104
2785 2037
2787 2192
2788 2192
2789 2192
2790 2192
2791 2124
2791 2186
2791 2192
2792 2192
2793 1955
2793 2037
2793 2065
2793 2145
2796 1920
2796 2195
2797 1907
2797 2037
2797 2186
2799 1910
2799 1925
2799 1947
2799 1955
2799 1973
2799 1976
2799 1986
2799 2025
2799 2048
2799 2104
2799 2124
2799 2130
2799 2143
2799 2147
2799 2166
2799 2177
2799 2190
2799 2193
2800 2166
2801 2166
2807 1976
2807 2009
2807 2121
2807 2177
2810 1976
2812 1948
2812 1976
2812 2104
2812 2124
2812 2145
2812 2147
2812 2186
2814 1955
2815 1955
2815 2027
2815 2037
2815 2081
2815 2104
2816 1920
2816 1948
2816 1955
2816 2177
2816 2195
2817 1948
2817 1955
2817 1973
2817 1976
2817 2048
2817 2104
2817 2124
2817 2177
2817 2186
2818 1948
2818 1955
2818 2059
2818 2125
2818 2145
2819 1955
2820 1955
2821 1955
2821 2037
2822 1955
2823 2037
2824 2166
2826 1926
2826 1986
2826 2009
2826 2130
2826 2177
2827 2122
2828 1973
2828 2124
2828 2147
2828 2177
2828 2186
2830 1907
2830 1920
2830 1925
2830 1973
2830 1975
2830 1976
2830 2025
2830 2037
2830 2048
2830 2104
2830 2124
2830 2166
2830 2177
2830 2186
2838 1907
2838 1920
2838 1973
2838 2009
2838 2025
2838 2130
2838 2193
2839 1925
2839 1936
2839 1948
2839 1973
2839 2104
2839 2186
2845 1907
2845 1925
2845 2048
2845 2166
2845 2195
2847 2104
2849 1986
2850 2027
2851 2177
2852 2177
2853 2177
2854 1948
2854 1973
2854 2065
2854 2124
2854 2177
2854 2186
2854 2195
2855 1976
2855 2081
2855 2122
2855 2166
2856 2025
2856 2177
2857 1907
2857 1926
2857 1943
2857 1975
2857 1976
2857 2009
2857 2014
2857 2081
2857 2177
2857 2190
2859 1907
2859 1910
2859 1926
2859 1936
2859 2014
2859 2025
2859 2037
2859 2081
2859 2107
2859 2121
2859 2130
2859 2131
2859 2177
2859 2190
2860 1910
2861 1947
2861 2081
2861 2120
2861 2166
2862 1976
2862 2025
2862 2081
2862 2130
2862 2143
2863 1907
2863 1910
2863 1926
2863 2009
2863 2025
2863 2059
2863 2065
2863 2081
2863 2130
2863 2166
2863 2177
2863 2190
2864 1907
2864 1947
2864 1976
2864 2027
2864 2037
2864 2081
2864 2120
2864 2143
2864 2166
2865 1975
2865 2009
2865 2130
2865 2131
2866 1910
2866 1936
2866 1947
2866 1976
2866 2009
2866 2014
2866 2025
2866 2029
2866 2037
2866 2059
2866 2065
2866 2081
2866 2130
2866 2166
2866 2177
2866 2190
2867 1925
2867 1947
2867 1975
2867 2009
2867 2025
2867 2104
2867 2166
2868 1925
2868 2104
2868 2122
2868 2124
2869 1936
2869 2037
2869 2065
2869 2130
2870 1975
2871 1920
2871 2037
2872 2081
2873 2190
2876 2143
2878 1973
2879 2143
2880 1920
2880 2195
2882 1907
2882 1943
2882 2065
2885 1920
2885 1925
2885 2048
2885 2104
2885 2122
2885 2124
2885 2143
2885 2166
2885 2186
2885 2193
2885 2195
2886 2125
2887 1907
2887 1976
2887 2009
2887 2114
2887 2130
2888 2120
2889 1948
2889 1973
2889 2104
2890 1920
2890 1925
2890 1973
2890 2104
2890 2120
2894 1976
2894 2120
2899 2145
2900 1907
2900 1948
2900 2025
2900 2081
2900 2107
2900 2130
2904 2143
2907 1976
2907 2104
2907 2124
2911 2037
2912 1907
2912 1976
2912 2037
2912 2104
2912 2130
2912 2166
2912 2177
2912 2186
2912 2193
2914 1976
2914 2104
2914 2143
2915 1976
2915 2009
2915 2027
2915 2037
2915 2166
2916 1925
2916 1973
2916 2048
2916 2104
2916 2124
2918 2124
2919 2048
2919 2104
2920 1925
2920 2104
2920 2122
2920 2147
2920 2186
2921 1925
2921 2166
2924 1948
2930 2122
2932 2120
2932 2122
2932 2147
2932 2166
2932 2186
2932 2193
2933 2104
2942 2195
2944 1973
2944 1976
2946 1925
2948 2166
2948 2195
2950 1976
2950 2120
2950 2186
2955 1973
2955 2027
2955 2104
2955 2166
2955 2193
2956 1925
2956 1976
2956 2027
2956 2037
2956 2104
2956 2120
2956 2130
2956 2177
2956 2186
2958 1976
2958 2104
2959 1920
2960 1920
2969 1973
2970 2124
2971 2131
2973 1907
2974 2027
2977 1976
2977 2104
2977 2166
2980 1936
2980 1973
2980 2014
2980 2037
2982 1907
2986 1907
2986 1976
2986 2130
2986 2143
2989 1925
2989 1973
2989 2048
2989 2104
2989 2124
2991 1925
2991 1926
2991 1936
2991 1976
2991 2009
2991 2025
2991 2121
2991 2122
2991 2130
2991 2143
2991 2177
2991 2190
2992 1907
2992 1910
2992 1976
2992 2025
2992 2048
2992 2122
2992 2130
2992 2143
2992 2147
2992 2190
2992 2193
2998 1925
2998 2104
2998 2124
2998 2147
2998 2186
2999 1907
2999 1910
2999 2104
2999 2130
2999 2147
2999 2193
3002 1910
3002 1936
3002 2037
3002 2186
3003 1926
3003 1976
3003 2009
3003 2014
3003 2025
3003 2131
3003 2143
3005 1920
3005 2027
3005 2166
3005 2186
3006 1910
3006 1936
3007 1947
3007 1976
3007 2143
3007 2193
3008 2122
3008 2177
3009 2190
3013 1936
3013 1964
3013 1975
3013 1976
3013 2037
3013 2059
3013 2121
3013 2130
3013 2147
3013 2166
3013 2177
3014 1936
3014 1943
3014 2037
3014 2059
3014 2065
3014 2107
3014 2121
3014 2177
3015 1936
3015 2037
3016 1947
3016 1976
3018 2186
3023 1973
3024 1973
3025 1973
3028 1907
3028 1925
3028 1976
3028 2104
3028 2124
3028 2186
3029 1947
3029 1964
3029 2147
3029 2186
3030 1947
3030 2122
3030 2130
3030 2143
3030 2147
3030 2166
3031 1976
3035 2143
3036 1910
3036 1975
3036 1976
3036 2014
3036 2081
3036 2107
3036 2120
3036 2131
3036 2143
3036 2147
3039 2037
3039 2124
3044 2166
3048 1976
3049 2037
3051 1907
3052 2027
3054 1947
3057 1947
3057 2037
3066 2186
3070 2027
3076 2122
3077 1947
3077 1976
3077 2147
3077 2166
3077 2186
3077 2193
3081 2037
3081 2120
3081 2122
3081 2130
3082 1976
3084 2048
3090 2104
3091 2104
3092 1947
3092 2104
3092 2130
3093 2104
3094 2104
3095 2104
3096 1976
3096 2104
3097 2104
3098 2104
3098 2166
3104 2143
3108 2048
3109 2048
3124 2037
3124 2048
3124 2166
3125 1920
3125 1926
3125 1934
3125 1937
3125 2037
3125 2143
3125 2177
3126 1907
3126 1920
3126 1926
3126 1975
3126 1976
3126 2014
3126 2037
3126 2081
3126 2120
3126 2130
3126 2131
3126 2166
3128 2130
3129 1907
3129 2081
3129 2166
3129 2190
3130 1907
3130 2009
3130 2025
3130 2130
3130 2177
3130 2190
3132 1976
3132 2143
3133 2186
3138 2120
3140 2037
3140 2166
3144 2120
3144 2193
3145 1926
3145 1947
3145 2025
3145 2037
3145 2130
3145 2166
3146 2120
3147 1936
3147 2120
3156 1910
3156 2130
3159 2081
3162 1976
3162 2147
3164 2122
3171 2166
3172 2166
3173 1907
3173 1926
3173 1976
3173 2009
3173 2037
3173 2059
3173 2130
3180 1907
3180 2027
3182 1907
3182 2027
3183 1907
3183 1976
3183 2027
3198 1964
3199 1964
3200 2166
3206 2147
3207 1947
3207 2147
3208 2147
3209 2147
3211 2143
3213 2122
3213 2186
3214 1976
3214 2186
3215 1907
3215 1976
3215 2065
3215 2081
3215 2186
3216 2186
3217 2186
3218 2186
3224 2122
3225 1976
3225 2122
3226 2122
3227 2037
3227 2122
3228 2122
3229 2122
3239 2027
3239 2120
3239 2193
3244 1936
3244 2009
3244 2037
3244 2177
3247 2037
3247 2130
3248 1920
3248 2143
3248 2193
3251 1976
3251 2037
3251 2114
3251 2143
3251 2177
3255 1976
3255 2059
3258 1976
3259 1910
3259 1936
3259 2009
3259 2037
3259 2143
3260 2037
3262 2143
3263 1976
3264 2143
3265 1936
3265 2143
3266 2143
3267 2143
3268 2125
3268 2143
3269 2143
3272 1936
3272 2130
3272 2143
3275 2193
3277 1947
3278 2193
3288 2027
3290 1976
3300 1926
3300 2009
3300 2027
3300 2065
3300 2120
3300 2130
3300 2177
3303 2027
3304 1907
3304 1910
3304 2120
3304 2177
3305 2025
3306 2027
3308 1907
3308 1910
3308 2009
3308 2037
3309 1907
3309 1936
3309 2009
3309 2025
3309 2059
3309 2065
3309 2081
3309 2121
3309 2125
3309 2130
3309 2131
3309 2166
3309 2190
3310 2125
3315 2027
3315 2120
3316 2120
3317 2120
3318 2120
3320 2037
3325 1947
3325 1976
3325 2166
3330 1926
3330 2009
3330 2177
3332 1907
3333 1936
3333 2025
3333 2037
3333 2130
3333 2143
3333 2190
3334 1976
3334 2166
3336 1976
3336 2025
3336 2059
3336 2081
3337 1907
3337 1976
3337 2009
3337 2025
3337 2131
3337 2166
3337 2190
3341 2037
3352 1926
3352 2037
3352 2130
3352 2143
3352 2190
3360 2037
3363 1976
3364 1976
3365 1976
3366 1947
3366 1976
3367 1947
3367 1975
3367 1976
3367 2009
3367 2166
3368 1976
3369 1976
3370 1907
3370 1910
3370 1976
3370 2014
3370 2025
3370 2037
3371 1976
3372 1976
3373 1976
3374 1976
3375 1976
3376 1976
3377 1976
3378 1976
3379 1976
3380 1976
3381 1947
3381 1976
3381 2037
3381 2130
3381 2166
3382 1976
3383 1976
3384 1976
3385 1910
3385 1976
3385 2131
3385 2166
3386 1976
3387 1976
3387 2037
3388 1976
3389 1976
3390 1976
3391 1947
3391 1976
3392 1976
3393 1976
3394 1976
3394 2025
3394 2130
3394 2190
3395 1976
3395 2025
3395 2166
3395 2190
3396 1976
3397 1976
3419 2177
3423 2037
3437 1947
3437 2081
3438 1907
3438 1947
3438 2130
3442 1910
3442 2009
3442 2014
3442 2025
3442 2059
3442 2081
3442 2130
3442 2131
3442 2190
3443 1910
3444 1910
3444 2143
3445 2025
3446 1975
3453 1947
3460 2130
3472 1947
3472 2081
3478 2037
3481 1926
3481 2121
3481 2130
3481 2190
3489 2037
3490 2014
3490 2166
3492 1936
3492 2037
3492 2065
3500 1926
3500 1936
3500 2065
3500 2121
3500 2130
3500 2177
3505 1947
3505 2009
3505 2025
3505 2037
3514 2166
3515 2166
3516 2059
3516 2166
3517 2166
3518 2166
3519 2130
3519 2166
3523 2037
3529 2190
3536 1926
3536 2037
3536 2130
3538 2009
3545 2037
3545 2130
3557 2130
3561 1893
3570 1893
3573 2143
3576 2037
3579 1907
3587 2009
3587 2025
3588 2131
3600 2009
3600 2131
3600 2190
3601 2025
3602 2130
3606 2081
3607 2037
3607 2059
3626 1926
3637 1936
3637 2009
3637 2025
3637 2190
3641 2065
3641 2143
3642 2143
3647 2059
3653 2009
3653 2025
3656 2059
3659 1990
3663 2037
3666 2130
3668 1926
3668 2009
3668 2025
3668 2037
3673 2037
3676 1926
3676 2037
3676 2130
3681 1936
3681 2121
3684 2009
3685 1975
3685 2143
3690 2037
3690 2130
3696 2025
3696 2037
3698 2143
3698 2190
3699 1975
3706 2065
3708 1907
3731 1936
3731 1943
3731 2143
3732 2081
3732 2131
3740 1975
3740 2166
3745 2029
3745 2037
3745 2130
3745 2190
3748 1907
3750 2131
3751 2037
3751 2177
3753 2081
3760 2037
3760 2081
3762 2065
3762 2143
3768 2014
3768 2025
3768 2130
3769 1907
3769 1943
3769 2065
3769 2081
3770 1907
3770 1975
3770 2081
3792 2009
3792 2037
3792 2143
3797 2025
3797 2081
3797 2130
3802 2025
3802 2081
3802 2190
3803 2014
3806 2131
3811 2081
3817 2009
3824 1975
3824 2014
3824 2037
3824 2081
3824 2177
3825 2081
3830 2037
3833 2143
3836 1975
3836 2081
3840 1936
3840 2081
3840 2130
3841 2081
3849 1934
3852 1936
3852 2125
3855 1893
3867 2065
3868 2009
3872 1907
3872 2009
3872 2130
3878 1936
3878 2009
3878 2037
3878 2130
3878 2177
3882 1934
3882 2130
3882 2166
3883 2009
3885 1907
3886 1907
3887 1907
3888 1907
3889 1907
3890 1907
3891 1907
3892 1907
3893 1907
3894 1907
3895 1907
3896 1907
3897 1907
3898 1907
3899 1907
3899 2025
3899 2190
3900 1907
3901 1907
3902 1907
3903 1907
3904 1907
3905 1907
3906 1907
3907 1907
3908 1907
3909 1907
3910 2025
3910 2130
3922 2166
3931 2009
3933 1936
3933 2009
3933 2025
3933 2037
3933 2065
3933 2130
3933 2177
3933 2190
3959 2025
3959 2130
3963 2037
3963 2059
3970 2025
3973 2009
3974 2009
3974 2014
3974 2025
3974 2037
3974 2177
3974 2190
3983 2009
3983 2014
3983 2037
3983 2130
3985 2037
3985 2177
3986 1926
3986 1934
3986 1936
3986 2009
3986 2025
3986 2037
3986 2059
3986 2065
3986 2107
3986 2121
3986 2125
3986 2130
3986 2166
3986 2177
3986 2190
3992 2177
3994 2009
3995 2014
3998 2130
3999 2037
3999 2065
4000 2130
4005 1936
4005 2107
4005 2130
4005 2190
4013 1936
4013 2037
4013 2125
4013 2166
4015 2014
4015 2130
4016 2014
4016 2130
4017 2190
4020 2037
4027 1936
4027 2025
4027 2037
4027 2130
4028 1943
4028 2059
4028 2107
4028 2143
4040 2009
4051 2125
4061 2009
4062 2009
4070 1934
4070 1936
4070 1943
4070 2014
4070 2025
4070 2059
4070 2065
4070 2130
4070 2143
4070 2177
4072 2037
4095 2130
4096 2014
4096 2025
4096 2029
4096 2130
4096 2190
4097 2025
4102 2025
4103 2025
4103 2037
4103 2190
4106 1936
4106 2037
4106 2107
4106 2143
4108 1934
4116 1934
4116 2014
4116 2065
4116 2190
4118 2190
4122 2037
4122 2177
4124 2014
4136 1926
4138 2166
4139 2037
4140 2130
4140 2177
4141 1926
4141 1936
4141 2037
4141 2121
4141 2130
4141 2177
4144 1926
4144 1936
4144 2037
4144 2143
4144 2166
4144 2177
4145 1926
4145 2121
4145 2177
4146 2037
4146 2130
4149 1926
4149 1936
4149 2037
4149 2130
4149 2177
4150 1934
4150 2143
4152 2107
4153 1926
4153 2059
4153 2065
4153 2125
4153 2130
4153 2143
4154 1926
4154 1936
4154 2037
4154 2130
4154 2143
4154 2177
4155 1926
4155 2130
4155 2177
4158 2065
4163 2037
4164 2143
4170 2190
4176 2014
4195 1936
4199 2037
4202 2037
4207 1926
4207 1937
4207 2037
4207 2107
4207 2121
4207 2130
4207 2177
4220 2037
4222 2037
4222 2130
4229 2037
4233 1936
4240 2037
4240 2130
4245 2037
4247 2037
4291 1926
4291 2037
4297 1926
4297 2130
4307 2143
4330 2107
4330 2121
4332 1934
4334 2121
4341 2037
4343 1936
4343 2107
4347 2037
4366 2143
4373 2037
4387 2037
4396 1934
4396 2059
4396 2065
4396 2166
4398 2037
4402 1934
4402 1936
4402 1943
4402 2059
4402 2065
4402 2166
4403 1943
4403 2143
4411 1936
4411 2121
4411 2125
4411 2143
4411 2166
4419 1926
4436 1936
4436 2059
4438 2037
4438 2065
4448 1926
4450 2037
4451 2037
4452 2037
4452 2177
4453 2037
4454 2037
4454 2130
4454 2143
4455 2037
4456 2037
4457 2037
4458 1936
4458 2065
4458 2143
4465 2065
4465 2121
4469 2130
4474 1926
4477 1934
4477 2130
4484 1936
4484 2125
4485 1936
4504 1926
4504 1936
4508 2107
4512 2143
4513 1934
4513 2059
4513 2065
4513 2107
4513 2121
4513 2166
4526 2177
4527 2177
4539 1934
4539 2065
4539 2121
4565 2125
4565 2166
4575 1936
4580 1936
4580 2065
4580 2143
4580 2166
4584 2166
4584 2189
4586 2059
4586 2065
4586 2125
4588 1936
4593 1936
4594 2065
4594 2143
4596 2143
4598 1936
4598 2143
4600 1934
4600 2065
4601 2059
4601 2125
4601 2143
4603 1936
4603 2065
4603 2121
4605 2065
4605 2166
4606 2065
4631 1936
4637 2107
4638 2107
4639 2107
4640 2065
4681 1936
4681 2143
4695 2065
4726 2125
4726 2166
4732 2059
4732 2065
4732 2143
4756 2065
4759 1936
4760 1936
4786 1893
4854 2065
4871 2143
4887 2065
4919 2065
4920 2065
4925 2143
4935 2143
4935 2166
4938 1943
4938 2059
4938 2065
4938 2125
4966 2143
4967 2143
4968 2059
4978 1893
4979 2059
5016 2059
5031 2065
5032 2166
5051 2125
5082 2059
5083 2059
5084 2059
5085 2059
5086 2059
5087 2059
5088 2059
5111 2189
5114 2065
5114 2166
5124 2065
5125 1943
5126 1943
5127 1943
5128 1943
5129 1943
5130 1943
5131 1943
5132 1943
5138 1893
5155 2125
5155 2166
5158 2166
5159 2125
5160 2125
5160 2166
5162 2125
5221 2166
5273 2166
5317 2166
5348 2125
5350 2125
5351 1893
5351 2125
5357 2125
5397 2125
5404 2166
5460 2166
5465 2166
5470 2166
5477 2125
5512 2125
5524 2125
5545 2125
5546 2125
5587 2166
5618 1893
5672 2166
5682 1893
5745 1893
5847 1893
5887 1893
5941 1893
6073 1893
