3 957
3 964
3 967
3 975
3 976
3 1021
3 1023
3 1024
3 1025
3 1037
3 1043
3 1050
3 1053
3 1087
3 1114
3 1156
3 1168
3 1169
3 1173
3 1175
3 1214
3 1217
3 1221
3 1228
3 1239
3 1240
3 1243
3 1246
3 1250
4 994
4 997
4 1201
4 1246
6 1163
8 942
8 950
8 957
8 963
8 965
8 967
8 971
8 972
8 973
8 975
8 976
8 989
8 990
8 994
8 997
8 1000
8 1003
8 1004
8 1005
8 1007
8 1015
8 1021
8 1023
8 1024
8 1025
8 1033
8 1042
8 1043
8 1045
8 1050
8 1051
8 1053
8 1059
8 1061
8 1073
8 1076
8 1077
8 1078
8 1079
8 1086
8 1087
8 1094
8 1096
8 1099
8 1107
8 1109
8 1110
8 1114
8 1117
8 1138
8 1145
8 1151
8 1153
8 1154
8 1156
8 1157
8 1161
8 1163
8 1164
8 1168
8 1169
8 1173
8 1175
8 1181
8 1186
8 1190
8 1191
8 1192
8 1194
8 1196
8 1201
8 1214
8 1216
8 1217
8 1219
8 1221
8 1228
8 1239
8 1240
8 1243
8 1246
8 1250
8 1254
9 971
9 1043
11 972
11 1059
11 1096
11 1164
12 1087
13 990
13 1153
13 1191
14 994
14 1021
17 967
17 972
17 975
17 994
17 1021
17 1096
17 1137
17 1168
17 1175
17 1181
18 994
18 1087
18 1250
19 1186
21 967
21 972
21 973
21 990
21 997
21 1004
21 1037
21 1051
21 1064
21 1077
21 1078
21 1087
21 1099
21 1117
21 1138
21 1142
21 1145
21 1193
21 1195
21 1214
21 1217
21 1248
21 1254
22 945
25 990
25 994
25 1005
25 1079
25 1204
26 945
26 1096
27 1191
30 957
30 1043
32 997
32 1007
32 1087
32 1117
32 1156
32 1168
32 1192
32 1194
32 1214
32 1221
32 1240
32 1243
32 1250
33 945
33 974
33 990
33 994
33 997
33 1000
33 1025
33 1037
33 1086
33 1087
33 1096
33 1099
33 1138
33 1142
33 1151
33 1156
33 1157
33 1181
33 1192
33 1193
33 1243
38 1059
38 1076
39 1004
39 1037
39 1138
39 1239
39 1240
39 1250
41 990
43 1073
43 1201
44 990
44 1039
44 1050
44 1077
44 1078
44 1079
44 1087
44 1089
44 1096
44 1157
44 1196
45 1015
52 1208
53 1015
55 990
56 945
56 964
56 1005
56 1033
56 1103
56 1142
56 1175
56 1193
56 1239
56 1250
57 1153
63 945
63 997
63 1064
65 968
65 970
65 1042
65 1137
65 1153
66 1050
66 1087
66 1142
67 945
67 997
67 1015
67 1073
67 1107
67 1157
67 1173
67 1175
69 990
69 994
69 1077
69 1117
70 990
70 1050
72 989
72 997
72 1151
76 968
76 1021
77 1163
77 1164
78 945
78 990
78 1037
78 1050
78 1087
78 1094
78 1208
79 945
79 997
79 1003
79 1050
79 1073
79 1087
79 1096
79 1117
79 1137
79 1161
79 1192
80 1201
81 942
81 945
81 1037
81 1094
81 1243
90 1251
98 972
98 1037
98 1087
98 1201
98 1243
99 995
100 1192
101 990
101 1050
101 1087
101 1192
101 1228
102 990
104 970
104 974
104 1042
104 1049
104 1081
104 1087
104 1164
104 1172
104 1195
104 1228
106 975
106 1021
106 1079
107 967
107 990
107 1087
108 970
108 1064
108 1087
108 1164
108 1201
108 1239
109 972
109 974
109 1037
109 1110
109 1193
109 1204
109 1250
112 963
115 1015
115 1037
116 990
116 994
116 997
116 1154
116 1192
120 1015
120 1073
120 1087
120 1117
120 1192
120 1214
120 1250
121 1050
121 1087
121 1156
122 950
122 989
122 1103
122 1142
122 1157
122 1228
123 1107
123 1164
123 1191
124 942
124 954
124 1193
127 1073
127 1192
130 967
130 974
131 1214
132 945
132 1005
132 1194
132 1201
134 1077
134 1078
134 1079
135 1037
137 968
137 1050
137 1073
137 1087
137 1096
141 990
141 994
141 997
141 1000
141 1015
141 1021
141 1023
141 1043
141 1059
141 1079
141 1087
141 1117
141 1161
141 1168
141 1173
141 1181
141 1192
141 1239
141 1250
142 974
142 1015
142 1045
142 1064
142 1087
142 1142
142 1153
142 1163
143 950
143 963
143 975
143 976
143 990
143 994
143 997
143 1000
143 1003
143 1004
143 1005
143 1015
143 1021
143 1025
143 1033
143 1037
143 1039
143 1045
143 1050
143 1053
143 1064
143 1073
143 1078
143 1079
143 1086
143 1087
143 1107
143 1110
143 1138
143 1142
143 1145
143 1151
143 1154
143 1156
143 1157
143 1168
143 1173
143 1175
143 1181
143 1186
143 1191
143 1192
143 1204
143 1214
143 1219
143 1221
143 1239
143 1240
143 1243
143 1246
143 1250
143 1254
145 945
145 967
145 971
145 975
145 990
145 994
145 1005
145 1021
145 1025
145 1037
145 1154
145 1192
145 1204
145 1239
145 1240
145 1243
145 1250
146 990
147 1254
149 974
149 1007
149 1021
149 1025
149 1077
149 1201
149 1239
149 1250
151 942
151 945
151 967
151 975
151 990
151 1087
151 1094
151 1142
151 1175
151 1193
151 1239
151 1248
154 963
160 990
160 1087
162 1138
163 990
163 1186
163 1191
163 1246
164 990
167 963
167 973
168 1078
170 990
170 994
174 954
174 967
174 990
174 997
174 1087
174 1153
174 1154
174 1254
175 1194
175 1228
180 963
188 997
188 1175
188 1248
189 1087
197 963
197 964
198 990
205 1000
205 1050
210 994
210 1004
211 974
211 1079
211 1254
212 1181
214 1145
215 1007
215 1117
215 1151
215 1154
215 1161
215 1181
215 1248
216 1145
220 945
221 1078
225 1077
225 1078
225 1157
229 1142
230 1021
230 1051
231 963
231 990
231 1004
231 1051
231 1087
231 1239
232 1005
232 1246
237 945
237 972
237 973
237 1005
237 1033
237 1050
237 1077
237 1087
237 1094
237 1157
237 1175
237 1243
237 1254
238 1087
239 1005
241 1217
241 1219
249 945
249 972
249 973
249 1050
249 1077
249 1087
249 1114
249 1214
249 1221
249 1239
249 1243
249 1250
250 1076
251 954
251 968
251 974
251 975
251 1003
251 1004
251 1037
251 1039
251 1053
251 1079
251 1087
251 1157
251 1173
251 1192
251 1194
251 1204
251 1239
251 1243
251 1248
251 1250
253 945
253 967
253 968
253 975
253 997
253 1021
253 1050
253 1053
253 1073
253 1087
253 1096
253 1168
253 1181
253 1192
253 1194
253 1239
253 1243
253 1250
255 942
255 945
255 972
255 974
255 975
255 997
255 1000
255 1004
255 1005
255 1015
255 1021
255 1025
255 1039
255 1051
255 1061
255 1064
255 1078
255 1087
255 1107
255 1154
255 1157
255 1186
255 1190
255 1192
255 1204
255 1239
255 1250
256 942
256 963
256 964
256 971
256 972
256 974
256 975
256 990
256 997
256 1003
256 1004
256 1005
256 1015
256 1025
256 1033
256 1037
256 1039
256 1043
256 1045
256 1061
256 1073
256 1077
256 1078
256 1079
256 1087
256 1107
256 1110
256 1114
256 1117
256 1138
256 1142
256 1154
256 1156
256 1164
256 1192
256 1194
256 1195
256 1201
256 1204
256 1228
256 1239
256 1240
256 1250
256 1254
257 942
257 954
257 957
257 964
257 967
257 972
257 973
257 976
257 990
257 994
257 997
257 1000
257 1007
257 1015
257 1021
257 1023
257 1024
257 1025
257 1037
257 1043
257 1050
257 1059
257 1073
257 1079
257 1086
257 1087
257 1107
257 1117
257 1154
257 1161
257 1192
257 1194
257 1201
257 1214
257 1221
257 1228
257 1239
257 1243
257 1246
258 963
258 1087
258 1117
258 1156
258 1254
260 967
260 974
260 990
260 1005
260 1059
260 1086
260 1161
260 1192
262 942
262 975
262 994
262 997
262 1005
262 1037
262 1073
262 1079
262 1086
262 1087
262 1156
262 1173
262 1192
262 1204
262 1250
262 1254
264 964
264 972
264 975
264 990
264 1003
264 1004
264 1015
264 1064
264 1086
264 1161
264 1192
264 1239
264 1246
264 1254
265 990
266 994
269 1192
270 1145
278 1005
278 1007
278 1021
278 1079
278 1096
278 1192
279 1059
279 1076
279 1164
280 1000
280 1164
283 990
283 1086
283 1117
284 1192
284 1204
284 1239
285 990
287 1061
290 974
291 973
292 942
292 967
292 1194
292 1195
298 990
298 1154
298 1204
303 1094
304 1064
304 1194
310 968
310 990
310 1000
310 1005
310 1025
310 1061
310 1087
310 1099
310 1110
310 1175
310 1204
310 1221
310 1243
315 975
315 997
315 1037
315 1117
315 1181
315 1254
321 974
332 1142
332 1163
332 1168
332 1194
340 974
342 1071
344 954
344 972
344 1005
344 1033
344 1039
344 1077
344 1078
344 1087
344 1186
344 1192
344 1201
349 963
352 1117
354 1087
359 1163
361 973
363 1163
368 990
368 1005
368 1051
368 1078
368 1086
368 1094
368 1157
368 1181
368 1186
368 1221
368 1239
382 1163
388 963
388 970
388 975
388 997
388 1003
388 1004
388 1005
388 1015
388 1025
388 1033
388 1037
388 1043
388 1049
388 1076
388 1077
388 1078
388 1079
388 1087
388 1099
388 1107
388 1110
388 1137
388 1138
388 1142
388 1153
388 1156
388 1157
388 1164
388 1169
388 1175
388 1192
388 1193
388 1194
388 1196
388 1254
393 1096
394 963
395 990
410 990
410 997
410 1021
441 1086
441 1087
441 1117
441 1181
441 1196
442 963
442 972
442 973
442 1033
442 1061
442 1077
442 1087
442 1096
442 1142
442 1186
442 1254
448 990
448 1042
448 1103
451 957
451 972
451 990
451 994
451 997
451 1117
451 1138
451 1217
451 1248
474 990
477 989
480 1096
482 1079
482 1201
482 1214
483 997
483 1117
483 1201
483 1214
485 1154
494 973
494 990
494 997
494 1087
494 1099
494 1117
494 1137
494 1138
494 1153
494 1156
494 1186
494 1246
494 1248
494 1250
495 964
495 1192
495 1243
495 1250
497 1156
516 954
516 975
516 990
516 997
516 1117
516 1201
516 1239
516 1243
521 1201
522 972
522 990
522 994
522 997
522 1000
522 1004
522 1005
522 1021
522 1053
522 1077
522 1078
522 1079
522 1086
522 1087
522 1107
522 1117
522 1142
522 1157
522 1161
522 1168
522 1169
522 1182
522 1250
523 945
523 971
523 974
523 990
523 997
523 1004
523 1086
523 1142
524 1005
527 1005
527 1025
527 1079
527 1161
527 1228
528 990
531 963
531 1059
531 1073
531 1192
532 1145
532 1151
533 990
534 1164
534 1201
535 990
535 997
535 1021
535 1087
535 1117
535 1157
535 1169
536 990
536 1228
537 957
537 967
537 990
537 1064
537 1079
537 1086
537 1087
537 1154
537 1161
537 1192
537 1194
537 1195
537 1228
544 990
544 994
545 997
545 1087
546 990
548 942
548 974
548 975
548 997
548 1025
548 1037
548 1043
548 1107
548 1145
548 1173
552 997
557 1025
564 942
564 957
564 973
564 1000
564 1007
564 1024
564 1076
564 1151
564 1154
564 1168
564 1181
564 1192
564 1194
564 1196
564 1250
565 1000
566 990
566 1096
566 1192
568 990
568 1003
568 1005
568 1007
568 1039
568 1045
572 963
572 974
572 1110
574 942
574 954
574 994
574 1039
574 1053
574 1059
574 1192
574 1248
574 1250
580 974
580 1005
580 1025
580 1043
580 1087
580 1175
580 1192
580 1228
580 1246
581 1005
581 1025
581 1076
581 1192
582 990
582 994
582 997
582 1015
582 1050
582 1073
582 1086
582 1087
582 1110
582 1117
582 1217
582 1246
583 945
583 975
583 994
583 997
583 1005
583 1007
583 1015
583 1037
583 1050
583 1053
583 1061
583 1087
583 1107
583 1117
583 1151
583 1154
583 1156
583 1168
583 1181
583 1204
583 1246
583 1250
584 942
584 954
584 967
585 954
585 964
585 997
585 1005
585 1015
585 1033
585 1037
585 1064
585 1073
585 1079
585 1087
585 1107
585 1145
585 1156
585 1192
585 1204
585 1214
586 997
586 1053
586 1204
589 997
589 1024
589 1076
589 1079
589 1086
589 1109
589 1117
595 972
595 974
595 975
595 990
595 1005
595 1021
595 1037
595 1039
595 1051
595 1081
595 1142
595 1153
595 1157
595 1164
595 1181
595 1196
595 1228
595 1248
600 990
600 1003
603 945
603 990
606 963
606 1239
610 1182
614 973
614 975
614 1004
614 1005
614 1043
614 1099
614 1164
614 1173
614 1192
614 1201
614 1250
620 990
620 1042
620 1099
620 1186
620 1201
627 990
627 997
627 1033
627 1154
627 1193
627 1201
630 990
630 1015
630 1025
630 1228
630 1250
631 1064
631 1145
631 1186
631 1239
634 968
634 970
634 972
634 974
634 975
634 989
634 990
634 995
634 1005
634 1015
634 1042
634 1045
634 1049
634 1051
634 1064
634 1079
634 1081
634 1094
634 1096
634 1099
634 1137
634 1142
634 1145
634 1157
634 1163
634 1172
634 1182
634 1193
634 1195
634 1204
634 1212
634 1248
637 945
637 950
637 957
637 974
637 975
637 990
637 994
637 997
637 1000
637 1005
637 1015
637 1021
637 1025
637 1050
637 1053
637 1107
637 1157
637 1175
637 1192
637 1194
637 1204
637 1208
637 1228
637 1240
637 1248
637 1250
651 963
651 971
651 972
651 973
651 974
651 990
651 997
651 1003
651 1004
651 1015
651 1025
651 1043
651 1059
651 1145
651 1163
651 1196
651 1228
651 1239
651 1240
654 1015
655 945
655 967
655 968
655 1228
656 967
656 973
656 975
656 990
656 997
656 1004
656 1005
656 1021
656 1023
656 1025
656 1043
656 1045
656 1049
656 1050
656 1099
656 1110
656 1145
656 1163
656 1164
656 1173
656 1175
656 1192
656 1204
656 1243
656 1248
656 1250
657 997
657 1005
657 1073
657 1204
657 1243
661 975
661 1145
661 1192
669 1196
671 957
671 972
671 975
671 997
671 1005
671 1007
671 1025
671 1033
671 1096
671 1110
671 1156
671 1169
671 1175
671 1181
671 1192
671 1201
671 1228
671 1243
671 1250
675 1021
675 1087
675 1110
678 950
678 968
678 974
678 975
678 990
678 997
678 1015
678 1033
678 1042
678 1050
678 1051
678 1053
678 1064
678 1073
678 1077
678 1078
678 1081
678 1086
678 1087
678 1103
678 1107
678 1142
678 1145
678 1153
678 1157
678 1163
678 1164
678 1192
678 1195
678 1204
678 1219
678 1246
678 1250
678 1254
681 997
681 1021
681 1228
685 990
687 950
687 1103
688 945
690 974
690 1099
691 963
691 965
691 973
691 975
691 976
691 1003
691 1015
691 1033
691 1053
691 1064
691 1073
691 1087
691 1107
691 1110
691 1142
691 1153
691 1156
691 1193
691 1204
691 1212
691 1219
691 1246
691 1254
695 1192
697 1204
697 1217
699 1003
699 1110
702 1081
703 957
703 974
703 1077
703 1079
705 1021
705 1079
705 1243
712 1050
712 1087
712 1246
713 1191
713 1239
714 1107
714 1163
714 1164
714 1168
714 1193
714 1196
716 1094
720 1053
724 957
724 1015
728 994
728 1000
729 1037
729 1050
729 1073
729 1107
729 1110
729 1204
730 975
730 976
730 997
730 1025
730 1043
730 1079
730 1156
730 1214
730 1221
730 1228
730 1240
730 1243
730 1246
731 972
731 974
731 1073
731 1192
736 974
736 1087
736 1094
736 1161
736 1228
741 957
755 997
755 1111
756 963
756 1003
756 1015
756 1045
756 1086
756 1117
756 1153
756 1154
756 1228
759 1087
762 945
765 945
767 990
769 1061
771 1087
772 1214
773 950
773 963
773 967
773 971
773 972
773 973
773 975
773 990
773 997
773 1004
773 1005
773 1007
773 1015
773 1023
773 1025
773 1033
773 1037
773 1039
773 1043
773 1045
773 1050
773 1053
773 1061
773 1073
773 1077
773 1079
773 1086
773 1087
773 1107
773 1109
773 1110
773 1117
773 1156
773 1192
773 1201
773 1204
773 1214
773 1216
773 1254
774 945
774 954
775 1039
775 1064
775 1087
775 1214
782 1077
782 1078
782 1079
784 963
784 964
784 967
784 1025
784 1077
784 1157
784 1192
787 963
787 997
787 1003
787 1005
787 1025
787 1033
787 1037
787 1053
787 1073
787 1079
787 1087
787 1107
787 1117
787 1154
787 1190
787 1192
787 1201
787 1204
787 1214
787 1254
789 972
789 975
789 997
789 1037
789 1201
792 974
792 990
792 997
792 1021
792 1051
792 1053
792 1059
792 1087
792 1142
792 1145
792 1175
792 1186
792 1191
792 1192
792 1194
794 967
794 1003
794 1111
794 1195
794 1228
794 1254
795 1186
797 945
797 990
797 1021
797 1190
799 945
799 994
802 1087
803 1110
805 990
807 1161
807 1228
810 1163
811 1168
812 957
812 967
813 945
813 964
813 970
813 975
813 997
813 1015
813 1043
813 1061
813 1077
813 1168
816 974
816 1087
816 1164
820 967
820 997
820 1025
820 1037
820 1073
820 1086
820 1087
820 1153
820 1201
820 1208
820 1214
820 1254
822 972
822 997
822 1156
823 957
823 964
823 967
823 994
823 1023
823 1025
823 1043
823 1228
826 997
827 974
827 1007
827 1043
827 1079
827 1096
827 1239
827 1254
829 974
829 989
829 990
829 1051
829 1064
829 1081
829 1087
829 1094
829 1096
829 1142
829 1172
829 1193
829 1212
829 1228
834 963
834 972
834 973
834 974
834 975
834 976
834 994
834 1004
834 1005
834 1007
834 1015
834 1025
834 1033
834 1037
834 1039
834 1042
834 1045
834 1061
834 1073
834 1077
834 1078
834 1079
834 1087
834 1107
834 1117
834 1153
834 1156
834 1157
834 1161
834 1172
834 1173
834 1186
834 1192
834 1193
834 1196
834 1201
834 1204
834 1212
834 1219
834 1239
834 1246
834 1250
834 1254
835 971
835 997
835 1059
835 1172
837 974
837 989
837 990
837 1007
837 1037
837 1045
837 1049
837 1051
837 1064
837 1081
837 1086
837 1087
837 1138
837 1142
837 1154
837 1157
837 1163
837 1168
837 1172
837 1173
837 1181
837 1191
837 1192
837 1193
837 1195
837 1219
837 1228
837 1246
837 1248
838 964
838 1050
838 1110
838 1217
838 1250
840 965
840 1053
840 1204
843 1033
843 1107
843 1153
845 1037
846 954
846 957
846 975
846 1004
846 1007
846 1023
846 1024
846 1025
846 1037
846 1050
846 1079
846 1087
846 1114
846 1117
846 1154
846 1168
846 1173
846 1175
846 1181
846 1191
846 1192
846 1194
846 1216
846 1219
846 1228
846 1240
846 1243
849 972
849 973
849 1007
849 1181
849 1191
849 1201
849 1214
849 1217
849 1239
853 1161
858 945
858 967
858 975
858 1156
859 975
859 1005
860 1073
860 1081
860 1094
860 1096
864 990
865 945
865 994
865 1192
865 1239
865 1243
865 1250
867 990
867 1087
868 1045
868 1064
868 1142
868 1192
868 1254
870 954
870 972
870 990
870 1005
870 1021
870 1053
870 1087
870 1107
870 1110
870 1254
871 994
872 957
872 975
872 1087
872 1138
872 1157
874 1254
876 1107
877 950
877 1064
877 1087
877 1163
877 1175
877 1186
878 990
878 1175
878 1240
879 1021
879 1240
881 967
881 975
881 997
881 1173
881 1250
884 1240
885 997
885 1003
885 1007
885 1077
885 1142
885 1157
885 1186
886 972
886 990
886 1163
886 1164
886 1193
886 1196
889 997
889 1005
889 1015
889 1039
889 1049
889 1050
889 1061
889 1073
889 1087
889 1110
889 1145
889 1154
889 1161
889 1204
889 1214
889 1243
889 1246
889 1250
889 1254
893 1169
894 964
894 972
894 989
894 994
894 997
894 1005
894 1007
894 1024
894 1033
894 1045
894 1051
894 1059
894 1064
894 1076
894 1079
894 1081
894 1086
894 1117
894 1142
894 1153
894 1193
894 1194
894 1195
894 1201
894 1219
895 975
895 1240
896 1004
896 1005
896 1250
897 990
897 1021
898 945
899 1110
903 1025
903 1137
904 953
904 968
904 973
904 1007
904 1117
904 1138
904 1151
904 1154
904 1194
904 1196
904 1201
904 1248
904 1250
905 997
913 963
913 964
913 1239
916 964
917 990
923 997
923 1005
923 1015
923 1042
923 1049
923 1087
923 1172
923 1204
923 1212
924 974
924 990
924 1081
924 1142
924 1157
924 1186
924 1195
928 1190
932 997
932 1000
932 1043
932 1045
932 1117
932 1138
934 953
934 957
934 971
934 997
934 1005
934 1015
934 1023
934 1024
934 1025
934 1061
934 1079
934 1109
934 1110
934 1117
934 1173
934 1192
935 1208
941 942
941 974
941 1107
941 1142
941 1163
941 1193
941 1254
942 1073
942 1250
943 945
943 967
943 975
943 1037
943 1043
943 1050
943 1061
943 1079
943 1087
943 1156
943 1186
943 1196
943 1204
943 1251
944 945
946 997
946 1175
946 1192
947 967
947 970
947 973
947 994
947 1025
947 1042
947 1050
947 1076
947 1086
947 1087
947 1094
947 1099
947 1145
947 1164
947 1239
947 1250
948 1087
949 964
949 972
949 1003
949 1005
949 1007
949 1015
949 1037
949 1053
949 1064
949 1073
949 1077
949 1079
949 1117
949 1142
949 1157
949 1192
949 1193
949 1194
949 1204
949 1214
949 1239
949 1243
949 1250
950 1004
950 1007
950 1024
950 1033
950 1077
950 1079
950 1087
950 1142
950 1151
950 1153
950 1154
950 1157
950 1173
950 1192
950 1193
950 1194
950 1204
950 1239
950 1240
954 997
955 974
955 975
955 990
955 1005
955 1142
955 1250
956 990
956 1096
956 1193
957 994
957 1000
957 1021
958 990
962 964
962 1107
963 950
963 964
963 972
963 974
963 989
963 990
963 995
963 1004
963 1005
963 1015
963 1033
963 1037
963 1039
963 1042
963 1045
963 1050
963 1051
963 1073
963 1077
963 1078
963 1087
963 1107
963 1110
963 1111
963 1137
963 1138
963 1142
963 1157
963 1172
963 1186
963 1193
963 1204
963 1212
963 1219
963 1239
963 1248
963 1254
966 967
968 967
969 967
970 973
971 975
971 997
971 1005
971 1117
971 1151
971 1161
971 1173
971 1175
971 1192
971 1201
971 1250
973 1061
974 972
974 973
974 989
974 990
974 1004
974 1015
974 1033
974 1045
974 1051
974 1077
974 1078
974 1081
974 1094
974 1110
974 1137
974 1142
974 1153
974 1157
974 1163
974 1172
974 1193
974 1195
974 1212
974 1248
974 1254
975 972
975 990
975 994
975 997
975 1004
975 1005
975 1033
975 1037
975 1043
975 1053
975 1079
975 1110
975 1117
975 1142
975 1192
975 1204
975 1246
975 1250
975 1254
976 990
977 990
978 990
978 994
979 990
980 990
981 990
982 990
983 990
984 990
985 990
985 1239
986 1025
987 990
987 1168
988 974
988 975
988 990
988 1015
988 1077
988 1142
988 1153
989 963
989 975
989 990
989 1110
991 994
992 994
992 1228
993 994
996 996
997 1059
997 1087
998 1000
999 1000
999 1021
1001 1005
1001 1025
1004 974
1004 975
1004 1064
1004 1172
1004 1192
1004 1193
1004 1195
1004 1228
1005 997
1005 1004
1005 1025
1005 1053
1005 1059
1005 1061
1005 1107
1005 1110
1005 1173
1005 1175
1005 1192
1005 1201
1005 1204
1005 1250
1005 1254
1006 963
1006 990
1006 1004
1006 1005
1006 1051
1006 1053
1006 1077
1006 1081
1006 1087
1006 1138
1006 1186
1006 1204
1006 1254
1007 973
1007 1003
1007 1081
1007 1096
1007 1114
1007 1142
1008 1003
1008 1005
1008 1023
1008 1025
1008 1037
1008 1059
1008 1064
1008 1079
1008 1094
1008 1117
1008 1151
1008 1154
1008 1173
1008 1181
1011 997
1011 1015
1011 1071
1014 950
1014 972
1014 974
1014 989
1014 990
1014 997
1014 1007
1014 1025
1014 1033
1014 1045
1014 1077
1014 1079
1014 1087
1014 1107
1014 1117
1014 1137
1014 1138
1014 1142
1014 1153
1014 1156
1014 1157
1014 1163
1014 1168
1014 1172
1014 1173
1014 1175
1014 1181
1014 1186
1014 1191
1014 1192
1014 1193
1014 1194
1014 1196
1014 1201
1015 963
1015 997
1015 1053
1015 1061
1015 1064
1015 1073
1015 1079
1015 1151
1015 1154
1015 1192
1015 1246
1016 1015
1019 990
1019 1015
1019 1142
1022 1023
1024 950
1024 972
1024 997
1024 1007
1024 1025
1024 1039
1024 1053
1024 1059
1024 1076
1024 1077
1024 1086
1024 1154
1024 1157
1024 1169
1024 1173
1024 1175
1024 1192
1024 1201
1024 1214
1033 972
1033 975
1033 1037
1033 1045
1033 1079
1033 1087
1033 1212
1036 963
1036 1109
1036 1214
1037 975
1037 997
1037 1087
1037 1204
1037 1239
1038 997
1038 1007
1038 1114
1038 1117
1038 1168
1038 1191
1038 1192
1038 1194
1038 1196
1038 1201
1038 1239
1039 972
1039 974
1039 975
1039 976
1039 1005
1039 1007
1039 1015
1039 1024
1039 1033
1039 1037
1039 1053
1039 1061
1039 1073
1039 1081
1039 1087
1039 1107
1039 1142
1039 1157
1039 1169
1039 1173
1039 1201
1039 1204
1039 1214
1039 1228
1039 1246
1039 1254
1040 997
1040 1214
1043 1005
1043 1037
1043 1079
1043 1087
1043 1107
1043 1117
1044 1003
1044 1005
1044 1043
1044 1061
1044 1079
1044 1110
1047 1024
1047 1043
1047 1059
1047 1079
1048 1079
1049 974
1049 975
1049 1005
1049 1053
1049 1087
1049 1107
1049 1142
1049 1153
1049 1164
1049 1186
1049 1204
1049 1228
1049 1243
1049 1254
1050 971
1050 1024
1050 1039
1050 1043
1050 1087
1050 1181
1050 1191
1050 1201
1050 1204
1052 1043
1053 972
1053 1161
1059 974
1059 997
1059 1024
1059 1086
1059 1087
1059 1151
1059 1168
1059 1173
1059 1192
1060 1061
1061 973
1062 1219
1063 1043
1064 1015
1064 1051
1064 1059
1064 1078
1064 1107
1064 1142
1065 1076
1066 1071
1067 1071
1068 1071
1069 1071
1070 1071
1072 975
1072 997
1072 1005
1072 1007
1072 1015
1072 1033
1072 1037
1072 1053
1072 1073
1072 1079
1072 1087
1072 1107
1072 1114
1072 1192
1072 1194
1072 1201
1072 1204
1072 1214
1072 1221
1072 1243
1072 1246
1072 1250
1073 965
1073 974
1073 975
1073 989
1073 1005
1073 1015
1073 1037
1073 1039
1073 1050
1073 1053
1073 1064
1073 1079
1073 1087
1073 1107
1073 1109
1073 1114
1073 1142
1073 1156
1073 1201
1073 1204
1073 1216
1073 1221
1073 1228
1073 1239
1073 1243
1073 1246
1075 1076
1075 1239
1076 1163
1077 963
1077 1078
1077 1079
1078 1079
1078 1094
1078 1157
1079 997
1079 1033
1079 1077
1079 1078
1079 1173
1079 1182
1079 1192
1079 1196
1080 975
1080 1037
1080 1087
1080 1117
1080 1156
1080 1214
1081 997
1081 1007
1081 1061
1081 1117
1081 1142
1081 1154
1081 1156
1081 1181
1082 997
1082 1181
1083 975
1083 1087
1083 1107
1083 1117
1083 1156
1083 1239
1086 1103
1087 974
1087 990
1087 997
1087 1015
1087 1037
1087 1050
1087 1117
1087 1214
1088 1217
1090 1007
1090 1096
1094 965
1094 968
1094 974
1094 975
1094 1005
1094 1037
1094 1042
1094 1081
1094 1086
1094 1087
1094 1103
1094 1109
1094 1117
1094 1142
1094 1168
1094 1172
1094 1182
1094 1192
1094 1193
1094 1195
1094 1228
1095 1007
1095 1037
1095 1053
1095 1096
1095 1250
1097 1192
1097 1201
1100 1151
1102 1086
1103 1086
1104 1086
1105 1086
1106 1086
1107 963
1107 965
1107 972
1107 973
1107 974
1107 1004
1107 1005
1107 1007
1107 1015
1107 1039
1107 1053
1107 1061
1107 1064
1107 1073
1107 1086
1107 1110
1107 1114
1107 1142
1107 1153
1107 1161
1107 1181
1107 1194
1107 1196
1107 1204
1107 1214
1107 1221
1107 1228
1107 1240
1107 1243
1107 1254
1110 1064
1110 1194
1114 1110
1114 1214
1118 997
1121 997
1122 997
1122 1051
1122 1053
1122 1078
1122 1087
1122 1153
1122 1163
1122 1201
1122 1217
1123 997
1124 997
1125 997
1125 1186
1125 1191
1126 997
1127 997
1128 997
1129 997
1130 997
1131 997
1132 997
1133 997
1133 1191
1135 963
1135 972
1135 973
1135 975
1135 1003
1135 1005
1135 1015
1135 1033
1135 1050
1135 1053
1135 1061
1135 1073
1135 1078
1135 1087
1135 1107
1135 1110
1135 1168
1135 1190
1135 1204
1135 1254
1137 972
1137 1003
1137 1004
1137 1005
1137 1015
1137 1033
1137 1037
1137 1039
1137 1050
1137 1053
1137 1061
1137 1077
1137 1078
1137 1087
1137 1107
1137 1175
1137 1190
1137 1196
1137 1204
1137 1228
1137 1254
1138 1248
1139 1151
1139 1190
1140 1191
1141 1110
1142 972
1142 974
1142 975
1142 1005
1142 1007
1142 1033
1142 1037
1142 1039
1142 1053
1142 1073
1142 1081
1142 1107
1142 1110
1142 1137
1142 1156
1142 1204
1142 1214
1142 1243
1142 1246
1142 1250
1142 1254
1143 1096
1149 1181
1150 990
1152 1050
1152 1154
1153 973
1153 974
1153 975
1153 995
1153 1049
1153 1053
1153 1064
1153 1078
1153 1087
1153 1138
1153 1154
1153 1163
1153 1172
1153 1182
1153 1195
1153 1239
1153 1248
1155 1161
1156 972
1156 976
1156 1037
1156 1053
1156 1073
1156 1087
1156 1161
1156 1175
1156 1181
1157 1077
1157 1161
1157 1228
1158 1161
1159 953
1159 975
1159 1005
1159 1007
1159 1037
1159 1053
1159 1087
1159 1107
1159 1153
1159 1156
1159 1161
1159 1181
1159 1186
1159 1192
1159 1194
1159 1196
1159 1201
1159 1214
1159 1239
1159 1243
1159 1246
1159 1250
1160 972
1160 1053
1160 1103
1160 1157
1160 1161
1160 1228
1160 1254
1161 1087
1161 1228
1162 1163
1162 1168
1163 1153
1163 1168
1163 1193
1164 1168
1165 972
1165 1007
1165 1015
1165 1039
1165 1053
1165 1138
1165 1168
1165 1192
1165 1196
1165 1201
1165 1204
1165 1219
1165 1254
1166 1168
1167 1163
1167 1168
1169 990
1169 1015
1169 1087
1169 1156
1169 1173
1169 1196
1170 1173
1171 1173
1172 1173
1173 975
1173 1169
1173 1239
1174 972
1174 976
1174 990
1174 1004
1174 1005
1174 1039
1174 1045
1174 1050
1174 1051
1174 1053
1174 1064
1174 1077
1174 1078
1174 1081
1174 1087
1174 1107
1174 1110
1174 1138
1174 1142
1174 1157
1174 1163
1174 1169
1174 1175
1174 1186
1174 1195
1174 1204
1174 1219
1174 1228
1174 1246
1174 1254
1176 1181
1177 1181
1178 1181
1179 1181
1180 1181
1182 1003
1182 1191
1183 1191
1184 1191
1185 1190
1185 1191
1186 1191
1187 1191
1188 1191
1189 1191
1193 1163
1195 1081
1195 1163
1195 1196
1196 1110
1197 1201
1198 1201
1199 1201
1200 972
1200 975
1200 1005
1200 1037
1200 1039
1200 1081
1200 1087
1200 1142
1200 1156
1200 1193
1200 1201
1200 1204
1200 1239
1200 1254
1202 1007
1203 1007
1203 1096
1204 950
1204 963
1204 972
1204 1003
1204 1004
1204 1007
1204 1015
1204 1050
1204 1073
1204 1077
1204 1081
1204 1087
1204 1107
1204 1110
1204 1114
1204 1142
1204 1153
1204 1157
1204 1169
1204 1186
1204 1219
1204 1246
1204 1254
1205 1007
1206 1007
1206 1096
1207 1007
1209 1204
1210 1214
1213 1114
1214 1037
1214 1039
1214 1107
1216 990
1216 1005
1216 1053
1216 1087
1216 1204
1217 1037
1217 1087
1217 1107
1217 1204
1217 1219
1217 1221
1218 1107
1218 1221
1219 1217
1219 1221
1220 1221
1221 1217
1221 1219
1222 1037
1222 1204
1222 1214
1223 1107
1224 1107
1225 1107
1226 1107
1226 1110
1227 1228
1229 1239
1230 1239
1231 1239
1232 1239
1233 1239
1234 1239
1235 1239
1236 1239
1237 973
1237 990
1237 1156
1237 1204
1237 1239
1238 1073
1238 1077
1238 1239
1240 990
1240 1142
1241 1015
1241 1107
1241 1156
1241 1204
1241 1243
1241 1250
1242 1216
1242 1243
1243 1005
1243 1246
1243 1250
1245 963
1245 972
1245 974
1245 975
1245 1037
1245 1045
1245 1049
1245 1087
1245 1099
1245 1107
1245 1153
1245 1164
1245 1204
1245 1246
1245 1250
1245 1254
1246 975
1246 1015
1246 1037
1246 1050
1246 1053
1246 1073
1246 1087
1246 1110
1248 972
1248 974
1248 1015
1248 1073
1248 1077
1248 1142
1248 1153
1248 1195
1248 1204
1252 973
1252 1033
1252 1053
1252 1077
1252 1186
1254 963
1254 972
1254 1004
1254 1087
1255 975
1255 1015
1255 1037
1255 1061
1255 1073
1255 1087
1255 1156
1255 1190
1255 1204
1259 973
1259 976
1259 1003
1259 1005
1259 1015
1259 1050
1259 1053
1259 1073
1259 1087
1259 1107
1259 1110
1259 1204
1259 1217
1259 1246
1260 972
1260 975
1260 1005
1260 1037
1260 1039
1260 1053
1260 1073
1260 1096
1260 1153
1260 1204
1260 1254
1262 963
1262 972
1262 975
1262 976
1262 1003
1262 1004
1262 1005
1262 1015
1262 1033
1262 1039
1262 1053
1262 1073
1262 1077
1262 1087
1262 1107
1262 1156
1262 1186
1262 1204
1263 975
1264 975
1265 972
1265 975
1265 1005
1265 1254
1266 963
1266 972
1266 974
1266 975
1266 990
1266 1003
1266 1004
1266 1005
1266 1015
1266 1033
1266 1050
1266 1053
1266 1061
1266 1064
1266 1073
1266 1087
1266 1096
1266 1107
1266 1110
1266 1138
1266 1142
1266 1145
1266 1156
1266 1172
1266 1193
1266 1204
1266 1254
1267 975
1267 1005
1267 1037
1267 1110
1268 975
1269 975
1270 975
1270 1003
1271 975
1271 1110
1271 1246
1272 1037
1276 1164
1279 1037
1279 1156
1279 1216
1282 1216
1283 1216
1284 1216
1287 1053
1288 963
1288 974
1288 1003
1288 1005
1288 1015
1288 1033
1288 1061
1288 1064
1288 1073
1288 1107
1288 1111
1288 1153
1288 1190
1288 1195
1288 1254
1289 963
1289 1061
1292 1050
1292 1053
1292 1061
1292 1073
1292 1110
1292 1204
1292 1217
1293 1073
1293 1190
1295 1204
1302 963
1302 972
1302 1015
1302 1037
1302 1081
1302 1142
1302 1186
1303 973
1303 1003
1303 1005
1303 1039
1303 1050
1303 1053
1303 1087
1303 1107
1303 1110
1303 1204
1303 1254
1307 970
1307 989
1307 1037
1307 1107
1307 1138
1307 1164
1307 1248
1308 1153
1308 1254
1310 950
1310 963
1310 968
1310 972
1310 973
1310 974
1310 990
1310 1003
1310 1005
1310 1015
1310 1033
1310 1045
1310 1049
1310 1050
1310 1061
1310 1064
1310 1073
1310 1077
1310 1078
1310 1081
1310 1087
1310 1096
1310 1107
1310 1110
1310 1137
1310 1138
1310 1142
1310 1145
1310 1153
1310 1157
1310 1164
1310 1169
1310 1186
1310 1193
1310 1195
1310 1204
1310 1216
1310 1228
1310 1246
1310 1248
1310 1254
1311 968
1313 1042
1313 1077
1313 1078
1313 1081
1313 1254
1314 1204
1314 1254
1316 972
1316 973
1316 1033
1316 1037
1316 1039
1316 1087
1316 1107
1316 1204
1316 1254
1324 1138
1324 1169
1326 1103
1326 1157
1326 1228
1327 1071
1330 1004
1330 1073
1330 1087
1330 1142
1330 1254
1338 1015
1338 1053
1338 1073
1338 1204
1339 965
1339 974
1339 1015
1339 1039
1339 1204
1339 1212
1339 1254
1341 963
1341 972
1341 973
1341 1015
1341 1045
1341 1050
1341 1073
1341 1077
1341 1087
1341 1157
1341 1163
1341 1254
1342 1050
1344 1005
1344 1039
1344 1204
1347 990
1347 1163
1347 1193
1349 972
1349 976
1349 1015
1349 1033
1349 1039
1349 1050
1349 1053
1349 1073
1349 1087
1349 1107
1349 1204
1349 1217
1349 1246
1349 1254
1351 1003
1351 1005
1351 1107
1355 1204
1357 1045
1358 1053
1359 976
1359 1003
1359 1053
1359 1217
1362 950
1362 963
1362 973
1362 976
1362 990
1362 1003
1362 1005
1362 1015
1362 1033
1362 1045
1362 1050
1362 1051
1362 1053
1362 1064
1362 1073
1362 1077
1362 1081
1362 1087
1362 1096
1362 1107
1362 1138
1362 1142
1362 1153
1362 1157
1362 1163
1362 1169
1362 1172
1362 1186
1362 1193
1362 1195
1362 1204
1362 1219
1362 1228
1362 1246
1362 1254
1363 1005
1364 1005
1364 1015
1364 1039
1364 1053
1364 1087
1364 1204
1366 1015
1367 1039
1368 1015
1368 1039
1368 1064
1368 1073
1368 1110
1368 1142
1368 1153
1368 1217
1369 950
1369 963
1369 972
1369 976
1369 1003
1369 1004
1369 1015
1369 1033
1369 1050
1369 1053
1369 1073
1369 1078
1369 1087
1369 1107
1369 1186
1369 1204
1369 1217
1369 1246
1369 1254
1373 1087
1373 1204
1374 1204
1375 1015
1375 1138
1375 1157
1375 1204
1375 1219
1376 1073
1376 1087
1376 1142
1376 1204
1376 1254
1377 1142
1377 1204
1380 1246
1382 1073
1383 973
1383 976
1384 1246
1391 990
1391 1077
1391 1157
1391 1248
1395 990
1395 1087
1395 1163
1397 1003
1398 1015
1398 1073
1412 1015
1412 1094
1415 1246
1416 1246
1418 990
1420 1169
1423 1051
1423 1073
1424 1073
1425 1073
1426 1003
1426 1073
1427 1015
1430 1217
1431 1217
1433 1193
1437 1078
1437 1157
1437 1228
1440 995
1440 1193
1446 972
1446 990
1446 1049
1449 963
1449 1087
1449 1138
1449 1254
1450 990
1450 1145
1450 1193
1450 1248
1453 1087
1453 1195
1455 1064
1455 1078
1455 1087
1455 1163
1459 1015
1460 1107
1461 1107
1462 1107
1465 972
1465 974
1465 989
1465 1015
1465 1061
1465 1077
1465 1087
1465 1110
1465 1142
1465 1254
1468 1078
1468 1157
1468 1228
1470 1157
1470 1182
1475 1004
1475 1138
1476 974
1477 1193
1478 1049
1478 1137
1478 1254
1479 1015
1479 1110
1479 1142
1479 1157
1479 1228
1480 1110
1481 1003
1482 1003
1483 1003
1484 1003
1485 1195
1490 1157
1492 1096
1492 1228
1493 1087
1497 989
1499 1004
1499 1033
1499 1051
1499 1061
1499 1087
1499 1103
1499 1138
1499 1169
1499 1190
1500 950
1508 1186
1509 1051
1509 1087
1510 963
1510 972
1510 973
1510 1004
1510 1248
1512 963
1512 972
1512 1015
1512 1061
1512 1077
1512 1193
1513 950
1513 963
1513 972
1513 990
1513 1045
1513 1153
1513 1157
1513 1186
1517 972
1521 1138
1521 1190
1521 1193
1529 1077
1531 974
1531 1172
1531 1254
1532 974
1532 1142
1532 1193
1532 1228
1536 1142
1537 963
1537 990
1539 972
1544 972
1544 1033
1544 1077
1544 1078
1544 1138
1544 1157
1544 1163
1544 1186
1544 1195
1544 1254
1547 1064
1547 1087
1547 1137
1547 1172
1547 1248
1550 1081
1550 1142
1550 1172
1550 1193
1551 963
1551 1254
1553 974
1553 1015
1553 1064
1553 1081
1553 1087
1553 1142
1553 1153
1553 1195
1555 972
1555 1033
1556 1138
1556 1219
1567 990
1567 1004
1567 1015
1567 1153
1567 1186
1567 1193
1568 963
1568 973
1568 1015
1568 1087
1569 950
1569 1103
1569 1186
1570 950
1570 1042
1570 1078
1570 1186
1575 1190
1576 1015
1577 1015
1580 1033
1586 1190
1587 1190
1588 1190
1589 1157
1589 1190
1589 1219
1596 974
1596 1172
1604 1142
1604 1254
1605 1015
1607 1045
1610 990
1610 1015
1610 1033
1610 1163
1615 1015
1615 1103
1615 1153
1615 1169
1617 973
1617 1033
1617 1077
1625 950
1625 972
1625 1103
1634 1015
1635 963
1635 1004
1635 1015
1635 1045
1635 1077
1635 1138
1635 1157
1635 1169
1635 1195
1635 1254
1637 1033
1638 1033
1638 1064
1638 1081
1638 1138
1638 1142
1638 1172
1638 1193
1638 1195
1647 990
1647 1138
1652 1248
1657 973
1658 973
1659 973
1659 990
1662 1254
1669 963
1669 972
1669 1004
1669 1077
1669 1186
1669 1254
1672 1077
1672 1078
1672 1157
1673 1078
1673 1157
1674 1064
1674 1078
1674 1193
1678 970
1678 974
1678 1015
1678 1042
1678 1049
1678 1064
1678 1081
1678 1087
1678 1096
1678 1103
1678 1142
1678 1193
1680 1077
1681 1077
1681 1078
1682 1045
1682 1077
1682 1138
1682 1157
1682 1254
1683 1077
1685 1254
1687 1051
1687 1064
1690 974
1690 1142
1690 1169
1690 1254
1695 1042
1695 1137
1696 1064
1696 1081
1696 1153
1696 1163
1696 1195
1696 1254
1697 1163
1699 963
1700 963
1701 963
1702 950
1702 963
1702 990
1702 1078
1702 1087
1702 1138
1702 1157
1702 1186
1702 1254
1703 1254
1704 1254
1705 1064
1705 1087
1710 974
1710 1015
1710 1064
1710 1142
1715 1064
1717 1103
1733 1248
1739 1157
1746 990
1747 1004
1756 974
1756 1045
1756 1064
1756 1078
1756 1087
1756 1138
1756 1157
1756 1219
1757 990
1757 1078
1757 1157
1759 974
1759 1087
1759 1111
1763 1051
1763 1111
1765 1157
1766 950
1766 990
1766 1051
1766 1078
1766 1081
1766 1153
1766 1157
1766 1163
1766 1169
1766 1195
1766 1219
1775 1051
1775 1195
1781 1096
1783 990
1783 1051
1783 1153
1783 1193
1788 1087
1788 1138
1790 974
1790 1015
1790 1045
1790 1081
1790 1193
1790 1248
1792 1186
1795 990
1796 990
1796 1228
1797 1186
1798 1186
1800 965
1801 1081
1802 990
1802 1078
1802 1099
1803 974
1805 1042
1805 1078
1807 974
1807 1138
1817 990
1817 1015
1817 1045
1817 1051
1817 1081
1817 1087
1817 1153
1817 1163
1817 1169
1817 1195
1819 1049
1819 1064
1819 1087
1819 1195
1819 1228
1819 1248
1822 1078
1824 990
1827 974
1836 1138
1838 1219
1839 1087
1839 1193
1845 1015
1845 1153
1845 1169
1847 1087
1848 1051
1848 1163
1850 1138
1850 1153
1860 1081
1860 1103
1860 1182
1860 1195
1866 1103
1867 1015
1867 1087
1880 974
1880 1142
1880 1193
1881 953
1886 1219
1889 1219
1890 1219
1896 974
1896 1153
1899 1193
1900 1087
1900 1195
1901 990
1901 1051
1903 990
1903 1051
1904 1064
1906 1064
1906 1081
1906 1142
1906 1172
1906 1193
1907 974
1907 989
1907 1081
1907 1087
1907 1094
1907 1103
1907 1142
1907 1193
1910 990
1910 1045
1910 1087
1910 1096
1910 1172
1911 990
1911 1138
1912 953
1917 1138
1917 1182
1923 1045
1923 1081
1923 1169
1924 1081
1924 1087
1924 1153
1924 1163
1924 1195
1925 974
1926 974
1926 1087
1928 990
1928 1138
1928 1142
1928 1182
1928 1248
1933 974
1933 1015
1935 1051
1935 1064
1935 1212
1943 1172
1944 1087
1947 1164
1948 968
1948 974
1948 1087
1948 1096
1948 1164
1955 974
1955 1064
1955 1087
1955 1096
1955 1142
1955 1163
1955 1193
1956 1015
1957 1169
1958 1169
1959 1169
1960 1169
1967 1087
1972 968
1972 1045
1972 1087
1975 953
1975 968
1975 974
1975 1042
1975 1087
1975 1096
1975 1099
1975 1164
1975 1228
1976 974
1976 990
1976 1015
1976 1042
1976 1087
1976 1163
1980 1051
1990 1015
1991 1051
2002 974
2003 1064
2008 1103
2008 1172
2010 1142
2011 1153
2014 1137
2016 974
2016 990
2016 1051
2016 1064
2016 1081
2016 1103
2016 1142
2016 1193
2016 1212
2016 1228
2020 989
2020 990
2020 1051
2020 1163
2020 1195
2021 1153
2023 1096
2025 1164
2026 1087
2027 974
2027 1103
2027 1164
2027 1193
2037 1051
2040 1111
2041 1111
2048 974
2048 1087
2048 1164
2048 1195
2052 1015
2052 1081
2061 1015
2061 1087
2087 1051
2092 965
2092 1064
2092 1103
2092 1142
2092 1172
2092 1193
2092 1195
2092 1212
2093 1064
2093 1081
2093 1153
2093 1163
2093 1172
2093 1195
2094 1064
2094 1081
2094 1096
2094 1142
2094 1153
2094 1163
2094 1172
2094 1193
2094 1195
2096 1081
2096 1142
2096 1193
2102 1051
2104 974
2104 989
2104 1042
2104 1064
2104 1081
2104 1096
2104 1103
2104 1142
2104 1145
2104 1172
2104 1182
2104 1228
2104 1248
2106 974
2112 974
2112 1015
2116 990
2118 989
2118 1228
2120 990
2121 1087
2121 1137
2121 1142
2121 1172
2121 1193
2122 1153
2123 1153
2123 1163
2124 974
2124 990
2124 1051
2124 1064
2124 1087
2124 1193
2124 1212
2131 1099
2132 990
2133 990
2134 990
2135 990
2136 990
2137 990
2139 990
2140 990
2141 990
2142 990
2143 1228
2144 1015
2144 1087
2145 1064
2145 1096
2145 1228
2149 1142
2149 1193
2149 1195
2150 1142
2150 1212
2152 1015
2152 1142
2153 1142
2153 1193
2154 1015
2158 965
2158 1099
2158 1103
2158 1195
2160 974
2160 1081
2160 1164
2161 1042
2161 1081
2161 1094
2161 1145
2165 1137
2165 1248
2166 965
2166 968
2166 974
2166 989
2166 995
2166 1015
2166 1042
2166 1049
2166 1064
2166 1081
2166 1087
2166 1094
2166 1096
2166 1099
2166 1103
2166 1142
2166 1145
2166 1153
2166 1163
2166 1164
2166 1172
2166 1182
2166 1193
2166 1195
2166 1212
2170 1153
2177 970
2177 974
2177 1087
2177 1103
2177 1142
2177 1193
2191 1153
2192 974
2192 1087
2193 1087
2193 1142
2200 974
2203 1195
2207 1081
2213 974
2213 1064
2214 1142
2214 1193
2217 1228
2220 1153
2233 1081
2233 1212
2234 1081
2238 974
2238 989
2238 1087
2238 1094
2238 1145
2238 1193
2238 1212
2239 974
2239 1064
2239 1087
2239 1096
2239 1228
2240 1064
2240 1081
2240 1142
2240 1193
2242 1087
2242 1137
2243 968
2243 974
2243 989
2243 1094
2245 953
2245 968
2245 974
2245 1064
2245 1145
2245 1172
2251 970
2256 1153
2256 1163
2258 974
2258 1064
2258 1081
2258 1087
2258 1094
2258 1142
2258 1172
2258 1193
2264 1142
2267 974
2267 1064
2267 1087
2267 1142
2267 1172
2267 1193
2267 1212
2269 970
2269 974
2269 989
2269 1042
2269 1049
2269 1064
2269 1087
2269 1094
2269 1099
2269 1137
2269 1142
2269 1145
2269 1164
2269 1172
2269 1193
2269 1212
2269 1228
2269 1248
2271 1064
2271 1142
2272 1142
2273 1172
2274 974
2274 1042
2274 1099
2274 1193
2277 989
2277 1064
2277 1172
2278 1087
2280 1193
2281 974
2281 1042
2284 1172
2285 968
2285 1064
2285 1172
2285 1212
2287 1042
2287 1142
2287 1164
2287 1212
2287 1248
2289 974
2290 968
2290 974
2290 1042
2290 1087
2290 1096
2290 1164
2290 1228
2291 1163
2292 1163
2293 1163
2294 1163
2302 1015
2302 1142
2305 1153
2307 1153
2308 1153
2309 1153
2310 1153
2311 965
2311 1153
2313 965
2315 1087
2323 1164
2330 1081
2330 1195
2335 1087
2335 1099
2335 1182
2335 1193
2339 1015
2350 1015
2351 974
2351 1087
2351 1142
2351 1228
2352 974
2352 1087
2353 1195
2369 1081
2374 1015
2374 1081
2380 974
2381 1145
2382 1195
2385 1015
2385 1087
2385 1195
2386 1195
2387 1195
2388 968
2388 974
2388 1142
2399 1145
2403 1042
2410 1015
2412 968
2412 1042
2412 1096
2412 1099
2412 1142
2412 1145
2412 1172
2412 1193
2412 1228
2413 1096
2413 1172
2413 1228
2414 1172
2418 1228
2421 1193
2435 1064
2435 1087
2438 1015
2438 1142
2438 1193
2443 1099
2444 1142
2444 1172
2444 1193
2445 1094
2450 1015
2461 968
2465 1015
2467 974
2467 1137
2472 1081
2473 1142
2473 1193
2473 1212
2476 989
2476 1164
2483 1064
2488 953
2488 1042
2488 1064
2488 1094
2488 1096
2488 1145
2491 974
2491 1042
2491 1087
2491 1094
2491 1096
2491 1099
2491 1103
2492 974
2492 1142
2492 1193
2495 970
2495 1042
2495 1049
2495 1094
2495 1099
2495 1145
2507 1103
2508 1103
2509 1103
2509 1142
2510 995
2510 1103
2510 1248
2511 1103
2519 974
2524 1096
2524 1142
2525 1064
2525 1081
2528 974
2528 1081
2528 1087
2528 1096
2533 1248
2535 1081
2536 1142
2538 1064
2538 1142
2538 1172
2538 1193
2539 1248
2541 974
2541 1081
2541 1087
2541 1096
2541 1228
2543 968
2543 1049
2543 1087
2543 1096
2543 1142
2543 1164
2544 1099
2545 974
2545 1172
2548 974
2548 1064
2548 1087
2549 968
2549 974
2549 1042
2549 1087
2549 1164
2549 1228
2550 974
2550 1142
2550 1172
2551 968
2551 1087
2551 1145
2552 1137
2552 1164
2554 974
2556 1087
2558 1193
2569 1087
2571 974
2571 1142
2571 1248
2572 1212
2572 1228
2575 1064
2575 1172
2575 1193
2575 1212
2581 1142
2581 1172
2581 1193
2582 1099
2588 968
2591 1087
2595 968
2595 1087
2596 1212
2602 1064
2602 1142
2602 1172
2602 1212
2604 1172
2604 1193
2609 1142
2609 1182
2610 1142
2610 1228
2611 1064
2611 1142
2611 1193
2640 974
2640 1228
2644 974
2644 1248
2652 1193
2662 989
2662 1096
2662 1228
2664 1164
2667 1228
2669 1064
2678 1087
2680 1049
2681 1094
2684 1064
2686 1064
2692 1064
2696 1064
2697 1064
2698 1064
2699 1064
2726 968
2726 974
2740 974
2740 1087
2750 974
2758 1087
2763 1087
2765 1087
2766 995
2771 1049
2791 1087
2797 1145
2799 974
2799 989
2799 1042
2799 1049
2799 1099
2810 968
2815 1087
2815 1164
2817 974
2818 1182
2823 974
2824 970
2826 1145
2826 1248
2828 1042
2828 1087
2830 1094
2838 968
2838 989
2838 1094
2838 1099
2839 970
2854 974
2854 1042
2854 1137
2854 1164
2857 1094
2857 1099
2859 970
2859 989
2859 1049
2859 1099
2859 1145
2859 1248
2860 989
2861 989
2861 1145
2861 1164
2862 1094
2862 1099
2862 1145
2862 1182
2863 989
2863 1049
2863 1094
2863 1099
2863 1145
2863 1164
2863 1248
2864 989
2864 1042
2864 1094
2864 1099
2864 1164
2865 989
2865 1094
2865 1099
2866 1094
2866 1099
2866 1137
2866 1145
2866 1164
2867 968
2867 995
2867 1094
2867 1145
2868 1248
2871 989
2872 968
2872 989
2872 1094
2872 1137
2872 1248
2873 989
2873 1145
2876 974
2876 1137
2879 974
2880 974
2882 1094
2886 970
2886 1042
2886 1087
2886 1248
2887 974
2887 1096
2889 1087
2891 1049
2894 968
2894 1248
2900 1164
2900 1248
2904 974
2904 1087
2911 1087
2918 1087
2920 1182
2920 1228
2921 974
2921 1087
2932 1042
2948 1087
2950 974
2950 1087
2956 989
2956 1042
2956 1096
2956 1228
2958 1087
2958 1182
2958 1228
2969 974
2973 1182
2981 974
2982 974
2982 1094
2982 1099
2989 1087
2991 968
2991 970
2991 1049
2991 1099
2991 1248
2992 1096
2996 968
2997 968
2998 968
2999 1049
2999 1248
3000 1042
3002 1087
3003 1096
3007 1228
3008 1228
3013 1096
3013 1164
3014 970
3014 1042
3014 1137
3014 1248
3015 1164
3015 1248
3016 1042
3018 1228
3028 1042
3029 1164
3030 968
3030 1096
3031 1228
3035 1164
3036 970
3036 989
3036 1049
3036 1228
3043 1094
3048 1042
3057 995
3057 1096
3057 1248
3058 1248
3070 1042
3076 1087
3077 1042
3077 1087
3077 1164
3078 1087
3079 1087
3080 1087
3081 1087
3081 1096
3081 1164
3081 1228
3081 1248
3082 1087
3082 1096
3083 1087
3084 1087
3087 1164
3112 1182
3125 970
3125 1228
3126 989
3126 1094
3126 1099
3126 1145
3132 1042
3146 1042
3164 1228
3173 1137
3173 1248
3174 968
3183 1096
3186 1099
3220 1228
3221 1228
3222 1228
3239 1042
3255 1094
3255 1182
3259 1094
3259 1099
3268 1042
3277 1164
3300 1042
3300 1049
3300 1094
3300 1099
3304 1182
3305 1049
3306 1042
3308 1094
3308 1145
3309 970
3309 1094
3309 1099
3309 1137
3309 1145
3309 1182
3309 1248
3310 1182
3317 968
3325 989
3325 1042
3325 1094
3325 1099
3330 1094
3331 1248
3333 1042
3333 1096
3334 968
3334 1164
3336 970
3336 1042
3337 1049
3337 1094
3338 1042
3341 1164
3343 1096
3344 1096
3345 1096
3346 1096
3362 1042
3363 1042
3366 968
3366 1042
3367 968
3367 1042
3371 1042
3379 968
3381 1042
3387 1094
3387 1137
3387 1164
3394 989
3406 1042
3419 1099
3419 1145
3442 1094
3445 1094
3446 968
3467 1094
3472 1164
3475 968
3475 1248
3478 968
3481 1049
3481 1248
3495 968
3496 968
3497 968
3498 968
3500 995
3500 1137
3500 1182
3500 1248
3514 989
3514 1164
3526 1248
3536 1049
3546 989
3572 1164
3574 1164
3579 1094
3579 1145
3592 989
3596 989
3600 995
3600 1049
3601 1145
3610 1137
3610 1248
3637 1094
3641 1137
3676 1049
3690 1094
3690 1099
3695 989
3731 970
3731 1248
3752 1094
3754 1145
3762 1137
3766 1094
3767 1099
3768 1094
3770 1094
3770 1099
3770 1145
3789 1248
3792 1099
3792 1137
3802 1094
3802 1099
3811 1248
3817 1094
3817 1099
3824 1094
3826 1094
3840 1137
3840 1164
3852 1182
3867 1099
3867 1137
3868 1145
3870 1145
3871 1145
3872 1094
3878 1248
3882 1164
3883 1049
3896 1248
3906 1137
3910 1099
3930 1094
3931 1094
3961 1094
3966 1094
3966 1099
3974 995
3974 1099
3974 1164
3974 1248
3982 1099
3985 1164
3986 970
3986 1049
3986 1137
3986 1182
3986 1248
3995 1099
3996 1099
3997 1099
3998 1099
3999 1099
4000 1099
4001 1099
4013 1182
4027 1049
4070 1049
4070 1137
4070 1248
4080 1182
4090 1182
4092 1248
4094 1182
4096 1049
4116 1137
4119 1182
4132 1137
4135 1137
4141 970
4141 1049
4141 1248
4144 1248
4145 1248
4146 1137
4149 1049
4150 1137
4152 1248
4153 1137
4153 1248
4154 1049
4160 1164
4192 1049
4195 1137
4205 1164
4206 970
4206 1248
4207 970
4207 1248
4209 1164
4241 1248
4297 1049
4323 970
4327 1049
4328 1049
4352 1248
4364 1248
4368 1248
4396 995
4396 1182
4402 1137
4402 1182
4402 1248
4411 970
4418 1248
4448 1248
4452 1248
4461 1182
4461 1248
4465 970
4482 995
4513 1137
4526 1137
4526 1248
4555 1248
4556 1248
4557 1248
4567 995
4575 970
4584 995
4584 1182
4586 1137
4586 1182
4595 1182
4598 1182
4605 1137
4619 1137
4631 1182
4635 1137
4667 995
4670 995
4681 1137
4726 1137
4730 970
4731 970
4752 1182
4881 1137
4898 1182
4920 1182
4923 1182
4951 1182
4960 1137
4968 1137
5020 1137
5029 1137
5036 1137
5051 1182
5081 1182
5138 995
5139 1182
5146 1137
5155 1182
5159 1182
5160 1182
5162 995
5162 1182
5213 1182
5221 1182
5350 1182
5351 995
5351 1182
5360 1182
5393 1182
5405 995
5406 1182
5456 995
5458 995
5460 995
5460 1182
5481 1182
5485 995
5485 1182
5494 1182
5560 1182
5579 1182
5596 1182
5597 1182
5809 995
5852 995
5906 995
