8 4586
17 4526
17 4567
17 4569
17 4602
21 4445
21 4526
21 4602
24 4541
24 4622
26 4413
26 4436
26 4672
33 4451
33 4526
33 4583
33 4588
33 4606
33 4658
34 4569
39 4567
44 4672
50 4475
50 4588
56 4465
63 4401
63 4459
65 4399
65 4411
65 4413
65 4451
65 4472
65 4502
65 4535
65 4569
65 4590
65 4619
65 4624
65 4636
65 4651
65 4675
65 4680
66 4526
67 4396
79 4438
79 4504
79 4513
79 4535
79 4537
79 4567
79 4578
79 4582
79 4588
79 4700
88 4596
92 4497
92 4584
92 4606
92 4641
98 4396
98 4411
98 4424
98 4445
98 4467
98 4513
98 4526
98 4539
98 4553
98 4582
98 4583
98 4584
98 4586
98 4588
98 4602
98 4603
98 4606
98 4608
98 4609
98 4611
98 4619
98 4640
98 4680
101 4651
104 4442
104 4578
104 4683
104 4692
108 4677
115 4445
115 4539
115 4622
115 4640
115 4641
115 4683
115 4694
120 4584
120 4606
127 4651
128 4401
137 4584
143 4526
143 4583
147 4504
147 4588
149 4424
163 4497
188 4541
215 4526
215 4610
218 4438
251 4411
251 4675
251 4677
251 4692
253 4438
253 4526
255 4396
255 4483
255 4530
255 4549
255 4622
256 4411
256 4541
256 4658
256 4672
260 4503
264 4413
264 4424
264 4438
264 4590
264 4658
279 4413
279 4424
279 4438
279 4541
279 4651
279 4652
279 4672
306 4692
310 4567
332 4396
332 4424
332 4445
332 4602
332 4641
335 4411
335 4539
343 4606
344 4601
361 4582
361 4615
368 4483
368 4510
370 4658
388 4396
388 4401
388 4411
388 4413
388 4424
388 4438
388 4445
388 4459
388 4467
388 4472
388 4483
388 4502
388 4503
388 4504
388 4510
388 4513
388 4526
388 4530
388 4535
388 4537
388 4539
388 4541
388 4549
388 4553
388 4567
388 4568
388 4569
388 4582
388 4583
388 4584
388 4585
388 4586
388 4588
388 4590
388 4596
388 4598
388 4602
388 4606
388 4609
388 4611
388 4622
388 4640
388 4641
388 4651
388 4656
388 4658
388 4660
388 4677
388 4679
388 4680
395 4526
442 4396
442 4438
442 4451
442 4640
475 4483
494 4396
494 4411
494 4526
501 4451
522 4602
522 4609
522 4672
522 4675
548 4590
566 4472
566 4578
572 4553
572 4658
574 4578
595 4677
610 4401
610 4411
610 4424
610 4451
610 4553
610 4584
610 4586
610 4598
610 4606
610 4609
610 4660
610 4672
620 4438
620 4472
630 4660
631 4483
634 4396
634 4399
634 4411
634 4413
634 4424
634 4438
634 4445
634 4465
634 4467
634 4472
634 4482
634 4483
634 4497
634 4504
634 4510
634 4526
634 4530
634 4535
634 4537
634 4539
634 4541
634 4549
634 4565
634 4567
634 4568
634 4569
634 4578
634 4583
634 4584
634 4586
634 4590
634 4598
634 4602
634 4606
634 4609
634 4610
634 4611
634 4615
634 4617
634 4619
634 4622
634 4624
634 4640
634 4641
634 4658
634 4675
634 4679
634 4680
634 4692
637 4588
637 4610
656 4408
656 4503
656 4541
656 4549
656 4588
656 4658
657 4588
657 4660
671 4451
678 4411
678 4549
678 4624
678 4675
690 4396
690 4399
690 4413
690 4428
690 4442
690 4463
690 4475
690 4537
690 4541
690 4610
690 4700
714 4504
736 4539
736 4584
736 4611
751 4424
751 4582
809 4603
813 4683
816 4606
829 4451
829 4459
829 4603
837 4428
837 4472
837 4482
837 4483
837 4503
837 4572
837 4578
837 4610
837 4636
840 4465
840 4582
840 4683
843 4411
844 4413
848 4526
863 4470
868 4503
871 4601
872 4700
876 4510
876 4541
876 4578
876 4677
877 4583
889 4503
889 4526
889 4578
889 4636
889 4660
895 4497
895 4502
895 4622
903 4396
903 4424
903 4438
903 4445
903 4467
903 4526
903 4539
903 4583
903 4602
903 4608
903 4609
903 4611
903 4640
904 4465
906 4675
923 4541
924 4436
924 4459
924 4513
924 4553
924 4564
924 4565
924 4568
924 4584
924 4590
924 4591
924 4595
924 4596
924 4598
924 4603
924 4606
924 4611
924 4658
924 4679
947 4399
947 4413
947 4451
947 4465
947 4472
947 4502
947 4549
947 4567
947 4569
947 4596
947 4624
947 4636
947 4651
947 4675
947 4677
947 4683
947 4692
950 4399
963 4396
963 4401
963 4413
963 4438
963 4482
963 4510
963 4526
963 4530
963 4541
963 4567
963 4568
963 4602
963 4606
963 4610
963 4619
963 4624
963 4641
963 4658
963 4680
963 4692
974 4396
974 4467
974 4526
974 4541
974 4569
974 4584
974 4590
974 4610
974 4641
974 4679
975 4700
977 4706
1011 4463
1011 4467
1011 4475
1014 4396
1014 4424
1014 4583
1014 4588
1014 4602
1014 4606
1049 4413
1049 4438
1049 4677
1053 4610
1078 4504
1078 4602
1079 4602
1079 4622
1079 4675
1094 4539
1118 4660
1122 4503
1122 4625
1153 4401
1153 4408
1153 4428
1153 4451
1153 4472
1153 4497
1153 4503
1153 4510
1153 4526
1153 4530
1153 4535
1153 4537
1153 4541
1153 4553
1153 4565
1153 4569
1153 4578
1153 4598
1153 4610
1153 4617
1153 4619
1153 4622
1153 4640
1153 4651
1153 4656
1153 4658
1153 4660
1153 4672
1153 4680
1153 4692
1154 4651
1195 4535
1237 4610
1238 4606
1245 4399
1245 4526
1245 4582
1246 4445
1246 4658
1248 4526
1252 4459
1262 4622
1266 4535
1266 4636
1266 4692
1276 4503
1289 4675
1289 4677
1291 4503
1295 4610
1307 4396
1307 4399
1307 4411
1307 4413
1307 4424
1307 4465
1307 4513
1307 4526
1307 4539
1307 4541
1307 4553
1307 4569
1307 4582
1307 4583
1307 4584
1307 4625
1307 4651
1307 4656
1307 4675
1307 4677
1307 4680
1307 4692
1310 4396
1310 4472
1310 4510
1310 4513
1310 4526
1310 4530
1310 4535
1310 4567
1310 4568
1310 4606
1310 4622
1310 4641
1310 4658
1310 4692
1315 4411
1355 4526
1362 4413
1362 4526
1362 4606
1362 4658
1375 4484
1375 4539
1375 4619
1377 4677
1391 4510
1395 4502
1395 4660
1396 4651
1412 4451
1412 4483
1417 4411
1417 4451
1417 4459
1417 4537
1417 4622
1417 4641
1423 4396
1423 4535
1437 4582
1440 4526
1446 4526
1446 4535
1450 4411
1450 4438
1450 4497
1450 4502
1450 4526
1450 4567
1450 4610
1465 4569
1468 4672
1468 4675
1470 4424
1470 4602
1470 4675
1478 4399
1478 4526
1478 4683
1482 4465
1482 4553
1505 4445
1505 4526
1505 4611
1505 4640
1510 4526
1512 4502
1526 4608
1532 4565
1532 4598
1533 4396
1533 4504
1533 4513
1533 4539
1533 4598
1533 4640
1536 4413
1536 4424
1536 4504
1536 4510
1536 4582
1536 4588
1536 4598
1544 4526
1544 4692
1547 4656
1550 4537
1550 4582
1550 4603
1550 4660
1556 4483
1556 4588
1556 4603
1567 4526
1567 4583
1567 4610
1575 4609
1678 4438
1678 4467
1678 4609
1687 4619
1689 4601
1704 4428
1704 4483
1704 4610
1704 4636
1704 4651
1704 4700
1705 4451
1705 4603
1737 4396
1737 4411
1786 4583
1790 4569
1790 4692
1796 4578
1802 4530
1802 4610
1805 4396
1805 4451
1805 4651
1813 4656
1819 4428
1819 4483
1819 4503
1819 4541
1819 4700
1827 4411
1827 4424
1827 4595
1827 4609
1827 4610
1827 4617
1839 4611
1850 4467
1860 4438
1860 4502
1860 4624
1896 4565
1896 4584
1901 4700
1907 4475
1907 4622
1907 4624
1907 4651
1910 4396
1910 4451
1910 4598
1910 4609
1910 4640
1915 4526
1917 4436
1925 4483
1925 4535
1925 4590
1926 4510
1926 4535
1926 4549
1926 4553
1926 4565
1926 4572
1926 4578
1926 4582
1926 4588
1926 4610
1926 4636
1926 4656
1926 4675
1926 4692
1926 4700
1928 4526
1928 4567
1935 4683
1936 4473
1936 4706
1955 4438
1955 4526
1955 4610
1957 4526
1957 4598
1957 4609
1957 4611
1976 4396
1976 4513
1976 4526
1976 4584
1976 4590
1976 4598
1976 4606
1976 4611
1976 4660
1979 4526
2010 4565
2010 4567
2014 4413
2014 4424
2014 4438
2014 4451
2014 4465
2014 4502
2014 4526
2014 4539
2014 4567
2014 4583
2014 4651
2014 4660
2020 4428
2021 4606
2023 4470
2025 4530
2027 4472
2027 4483
2027 4510
2027 4549
2027 4567
2027 4578
2030 4399
2030 4569
2030 4624
2030 4651
2030 4675
2030 4683
2047 4541
2065 4438
2065 4451
2065 4553
2065 4603
2077 4584
2077 4595
2077 4598
2077 4619
2077 4660
2081 4497
2081 4553
2083 4660
2100 4683
2104 4401
2104 4411
2104 4438
2104 4472
2104 4475
2104 4483
2104 4510
2104 4578
2104 4588
2104 4590
2104 4602
2104 4641
2104 4672
2104 4675
2116 4610
2118 4399
2118 4610
2118 4651
2121 4465
2130 4451
2130 4503
2130 4541
2130 4598
2130 4609
2130 4622
2130 4692
2143 4601
2145 4438
2145 4526
2145 4610
2145 4660
2147 4465
2148 4497
2150 4411
2152 4483
2152 4541
2152 4572
2152 4578
2152 4610
2152 4677
2161 4497
2165 4472
2165 4526
2165 4624
2166 4396
2166 4401
2166 4411
2166 4424
2166 4428
2166 4436
2166 4445
2166 4451
2166 4459
2166 4472
2166 4482
2166 4483
2166 4497
2166 4510
2166 4513
2166 4526
2166 4539
2166 4553
2166 4565
2166 4568
2166 4584
2166 4586
2166 4590
2166 4591
2166 4595
2166 4596
2166 4598
2166 4602
2166 4606
2166 4611
2166 4615
2166 4619
2166 4640
2166 4641
2166 4658
2166 4660
2166 4672
2166 4679
2166 4680
2177 4451
2177 4530
2177 4535
2177 4539
2177 4586
2177 4598
2186 4656
2188 4396
2188 4504
2193 4553
2200 4465
2200 4472
2200 4482
2200 4483
2200 4510
2200 4530
2214 4424
2215 4584
2215 4611
2215 4640
2217 4396
2217 4451
2238 4567
2238 4569
2238 4603
2238 4622
2238 4624
2241 4465
2241 4504
2243 4401
2243 4584
2243 4590
2243 4596
2243 4615
2243 4641
2243 4658
2243 4680
2245 4503
2245 4535
2245 4578
2245 4610
2245 4617
2245 4636
2251 4396
2251 4399
2251 4411
2251 4465
2251 4504
2251 4549
2251 4582
2251 4588
2251 4651
2251 4656
2251 4683
2251 4700
2258 4541
2258 4588
2258 4610
2261 4424
2261 4513
2261 4539
2261 4565
2261 4584
2261 4591
2261 4606
2261 4672
2261 4679
2267 4675
2267 4707
2267 4709
2269 4396
2269 4399
2269 4411
2269 4413
2269 4424
2269 4445
2269 4465
2269 4467
2269 4472
2269 4483
2269 4503
2269 4510
2269 4513
2269 4535
2269 4537
2269 4539
2269 4541
2269 4549
2269 4567
2269 4569
2269 4572
2269 4578
2269 4584
2269 4598
2269 4608
2269 4609
2269 4610
2269 4611
2269 4617
2269 4622
2269 4624
2269 4640
2269 4651
2269 4656
2269 4675
2269 4677
2270 4482
2270 4656
2274 4411
2274 4526
2274 4539
2274 4569
2274 4588
2274 4602
2275 4451
2277 4541
2283 4503
2283 4610
2283 4636
2283 4683
2285 4510
2285 4625
2287 4436
2287 4472
2287 4530
2287 4537
2287 4567
2290 4530
2290 4535
2313 4474
2313 4475
2313 4572
2313 4633
2313 4641
2313 4683
2313 4706
2323 4572
2323 4610
2323 4625
2327 4438
2327 4706
2335 4401
2335 4465
2335 4610
2336 4651
2339 4596
2351 4513
2374 4677
2380 4451
2380 4609
2380 4677
2397 4672
2412 4483
2412 4537
2412 4567
2421 4692
2426 4675
2442 4549
2443 4475
2443 4483
2443 4651
2461 4610
2464 4660
2467 4467
2467 4590
2467 4641
2495 4396
2495 4413
2495 4421
2495 4424
2495 4467
2495 4472
2495 4510
2495 4530
2495 4535
2495 4537
2495 4541
2495 4567
2495 4568
2495 4598
2495 4602
2495 4606
2495 4622
2495 4624
2497 4541
2504 4651
2510 4483
2510 4504
2510 4567
2519 4584
2519 4586
2519 4590
2526 4424
2526 4503
2528 4445
2528 4569
2528 4611
2528 4640
2533 4396
2533 4535
2533 4567
2533 4569
2533 4598
2533 4622
2533 4692
2541 4513
2544 4640
2545 4677
2549 4396
2549 4467
2549 4482
2549 4483
2549 4568
2549 4583
2549 4606
2549 4610
2549 4636
2549 4672
2549 4679
2551 4578
2571 4567
2582 4658
2599 4526
2599 4567
2599 4677
2613 4541
2639 4538
2639 4596
2639 4675
2641 4578
2646 4610
2662 4578
2680 4442
2680 4472
2680 4483
2680 4503
2680 4510
2680 4537
2680 4541
2680 4567
2692 4692
2698 4606
2707 4598
2707 4619
2726 4660
2739 4399
2739 4692
2749 4424
2750 4411
2752 4451
2752 4459
2754 4401
2765 4530
2771 4401
2772 4451
2793 4445
2793 4567
2793 4572
2793 4675
2795 4590
2807 4399
2807 4472
2807 4510
2812 4541
2818 4396
2818 4411
2818 4424
2818 4436
2818 4445
2818 4513
2818 4526
2818 4539
2818 4553
2818 4568
2818 4582
2818 4584
2818 4588
2818 4590
2818 4598
2818 4602
2818 4603
2818 4606
2818 4609
2818 4615
2818 4640
2818 4641
2818 4658
2818 4660
2818 4672
2818 4679
2826 4472
2826 4483
2826 4510
2826 4535
2826 4537
2826 4541
2826 4567
2828 4451
2829 4503
2829 4658
2830 4656
2838 4601
2839 4535
2839 4619
2839 4622
2839 4651
2839 4656
2839 4692
2854 4609
2856 4692
2857 4396
2857 4401
2857 4411
2857 4424
2857 4445
2857 4451
2857 4472
2857 4502
2857 4503
2857 4513
2857 4537
2857 4541
2857 4553
2857 4567
2857 4584
2857 4588
2857 4598
2857 4602
2857 4603
2857 4609
2857 4611
2857 4622
2857 4640
2857 4651
2857 4679
2859 4396
2859 4399
2859 4408
2859 4411
2859 4413
2859 4421
2859 4428
2859 4438
2859 4465
2859 4472
2859 4475
2859 4482
2859 4483
2859 4502
2859 4504
2859 4510
2859 4535
2859 4537
2859 4541
2859 4549
2859 4567
2859 4569
2859 4578
2859 4582
2859 4588
2859 4610
2859 4617
2859 4622
2859 4624
2859 4625
2859 4636
2859 4651
2859 4656
2859 4675
2859 4677
2859 4683
2859 4692
2859 4706
2860 4601
2862 4483
2862 4510
2862 4549
2862 4622
2862 4692
2862 4700
2863 4396
2863 4411
2863 4451
2863 4472
2863 4482
2863 4483
2863 4502
2863 4510
2863 4526
2863 4530
2863 4537
2863 4539
2863 4541
2863 4567
2863 4569
2863 4586
2863 4588
2863 4606
2863 4609
2863 4611
2863 4622
2863 4640
2863 4651
2863 4656
2865 4601
2866 4396
2866 4411
2866 4445
2866 4451
2866 4474
2866 4475
2866 4504
2866 4513
2866 4526
2866 4539
2866 4541
2866 4553
2866 4567
2866 4584
2866 4606
2866 4609
2866 4610
2866 4611
2866 4619
2866 4622
2866 4624
2866 4658
2866 4660
2866 4692
2867 4549
2867 4584
2867 4609
2868 4588
2868 4658
2868 4692
2868 4700
2869 4396
2869 4421
2869 4445
2869 4465
2869 4539
2869 4569
2869 4622
2869 4640
2869 4651
2870 4445
2870 4603
2871 4424
2871 4442
2871 4483
2871 4502
2871 4510
2879 4622
2886 4411
2886 4535
2886 4567
2886 4583
2886 4598
2886 4611
2886 4625
2887 4472
2887 4510
2887 4535
2887 4537
2887 4541
2887 4622
2897 4598
2900 4396
2900 4399
2900 4472
2900 4483
2900 4503
2900 4510
2900 4530
2900 4541
2900 4549
2900 4569
2900 4578
2900 4610
2900 4617
2900 4622
2900 4636
2900 4660
2900 4683
2914 4622
2914 4651
2915 4411
2915 4469
2915 4474
2915 4475
2915 4503
2915 4578
2915 4602
2915 4660
2915 4700
2956 4622
2956 4624
2956 4636
2956 4677
2958 4583
2958 4598
2958 4602
2958 4641
2958 4672
2958 4675
2968 4396
2968 4399
2968 4411
2968 4424
2968 4451
2968 4465
2968 4504
2968 4526
2968 4539
2968 4549
2968 4553
2968 4583
2968 4584
2968 4588
2968 4590
2968 4595
2968 4598
2968 4603
2968 4609
2968 4619
2968 4641
2968 4651
2968 4660
2973 4502
2973 4568
2973 4624
2980 4502
2980 4535
2980 4537
2980 4541
2986 4411
2986 4504
2991 4396
2991 4411
2991 4424
2991 4445
2991 4472
2991 4502
2991 4504
2991 4510
2991 4526
2991 4535
2991 4537
2991 4539
2991 4541
2991 4549
2991 4567
2991 4582
2991 4586
2991 4588
2991 4602
2991 4610
2991 4617
2991 4622
2991 4624
2991 4672
2991 4675
2991 4692
2992 4588
2999 4472
2999 4504
3003 4408
3003 4428
3006 4584
3006 4590
3006 4596
3006 4651
3006 4675
3006 4677
3013 4396
3013 4399
3013 4411
3013 4424
3013 4445
3013 4451
3013 4510
3013 4513
3013 4526
3013 4539
3013 4541
3013 4549
3013 4584
3013 4586
3013 4595
3013 4602
3013 4611
3013 4624
3013 4640
3014 4396
3014 4399
3014 4401
3014 4411
3014 4413
3014 4424
3014 4438
3014 4445
3014 4465
3014 4467
3014 4502
3014 4510
3014 4526
3014 4530
3014 4535
3014 4537
3014 4539
3014 4541
3014 4549
3014 4553
3014 4565
3014 4567
3014 4569
3014 4578
3014 4583
3014 4584
3014 4586
3014 4588
3014 4598
3014 4602
3014 4608
3014 4609
3014 4610
3014 4611
3014 4617
3014 4622
3014 4624
3014 4640
3014 4651
3014 4656
3014 4660
3014 4675
3014 4677
3014 4683
3014 4692
3015 4541
3028 4483
3028 4583
3036 4428
3036 4442
3036 4503
3036 4541
3036 4578
3036 4610
3036 4636
3036 4683
3036 4692
3045 4651
3057 4428
3057 4539
3057 4553
3057 4584
3057 4615
3057 4660
3057 4700
3081 4567
3081 4569
3081 4610
3081 4683
3091 4578
3092 4624
3096 4451
3107 4672
3124 4510
3125 4421
3125 4465
3125 4483
3125 4503
3125 4530
3125 4537
3125 4553
3125 4569
3125 4578
3125 4636
3125 4683
3125 4700
3125 4706
3126 4401
3126 4428
3126 4436
3126 4503
3126 4504
3126 4553
3126 4572
3126 4578
3126 4582
3126 4584
3126 4588
3126 4598
3126 4610
3126 4636
3126 4660
3126 4683
3126 4700
3126 4706
3128 4526
3129 4549
3129 4602
3129 4624
3130 4503
3130 4510
3130 4537
3130 4541
3130 4567
3130 4569
3130 4610
3130 4622
3130 4624
3130 4651
3130 4656
3130 4692
3130 4700
3140 4474
3140 4598
3144 4504
3145 4399
3145 4442
3145 4503
3145 4530
3145 4539
3145 4541
3145 4569
3145 4636
3145 4672
3145 4700
3147 4535
3159 4482
3159 4672
3173 4472
3173 4483
3173 4537
3184 4424
3202 4602
3202 4675
3211 4569
3211 4583
3214 4451
3214 4526
3214 4567
3216 4421
3219 4692
3229 4467
3244 4567
3244 4588
3244 4640
3244 4651
3245 4451
3245 4677
3247 4475
3251 4396
3251 4451
3251 4586
3251 4603
3251 4606
3251 4660
3251 4679
3251 4692
3257 4396
3259 4651
3261 4602
3265 4660
3272 4472
3272 4502
3272 4541
3272 4569
3272 4609
3272 4624
3272 4651
3272 4656
3272 4692
3300 4401
3300 4411
3300 4451
3300 4459
3300 4472
3300 4482
3300 4483
3300 4502
3300 4503
3300 4510
3300 4535
3300 4537
3300 4541
3300 4569
3300 4578
3300 4598
3300 4603
3300 4609
3300 4610
3300 4615
3300 4658
3300 4675
3300 4677
3300 4683
3301 4510
3304 4510
3304 4535
3304 4541
3304 4619
3305 4465
3305 4482
3305 4537
3305 4611
3305 4622
3305 4651
3305 4675
3309 4396
3309 4399
3309 4411
3309 4413
3309 4424
3309 4438
3309 4465
3309 4502
3309 4504
3309 4539
3309 4549
3309 4565
3309 4567
3309 4568
3309 4569
3309 4578
3309 4583
3309 4598
3309 4602
3309 4606
3309 4609
3309 4622
3309 4624
3309 4651
3309 4656
3309 4675
3309 4677
3309 4679
3309 4692
3310 4436
3310 4598
3317 4700
3323 4413
3323 4513
3325 4411
3325 4438
3325 4465
3325 4553
3325 4640
3325 4679
3330 4510
3330 4535
3330 4567
3330 4610
3331 4504
3331 4567
3333 4472
3333 4483
3333 4656
3336 4442
3336 4475
3336 4588
3341 4502
3341 4572
3341 4578
3341 4617
3341 4624
3341 4636
3341 4700
3352 4396
3352 4399
3352 4413
3352 4424
3352 4451
3352 4465
3352 4472
3352 4497
3352 4502
3352 4504
3352 4526
3352 4541
3352 4553
3352 4584
3352 4602
3352 4609
3352 4610
3352 4640
3352 4651
3352 4658
3352 4660
3379 4677
3379 4692
3381 4428
3381 4472
3381 4482
3381 4483
3381 4535
3381 4537
3383 4451
3383 4459
3387 4467
3387 4535
3387 4636
3394 4472
3394 4526
3394 4541
3394 4583
3394 4602
3394 4622
3423 4624
3437 4584
3438 4537
3442 4584
3444 4526
3444 4602
3444 4640
3445 4578
3446 4625
3475 4569
3478 4467
3481 4472
3481 4483
3481 4537
3481 4541
3481 4567
3490 4541
3492 4411
3492 4595
3492 4602
3492 4603
3492 4619
3492 4640
3500 4396
3500 4411
3500 4424
3500 4438
3500 4465
3500 4472
3500 4483
3500 4502
3500 4503
3500 4504
3500 4513
3500 4535
3500 4539
3500 4541
3500 4553
3500 4567
3500 4582
3500 4584
3500 4588
3500 4590
3500 4598
3500 4602
3500 4606
3500 4619
3500 4622
3500 4624
3500 4640
3500 4641
3500 4651
3500 4660
3500 4677
3500 4679
3500 4692
3504 4677
3516 4526
3523 4497
3526 4526
3532 4680
3536 4472
3536 4510
3536 4535
3536 4541
3536 4567
3536 4622
3536 4651
3536 4675
3538 4537
3538 4567
3538 4569
3545 4396
3546 4601
3561 4591
3568 4675
3570 4451
3580 4411
3580 4526
3582 4672
3587 4624
3591 4598
3591 4602
3591 4675
3596 4567
3596 4568
3596 4590
3596 4658
3596 4679
3600 4497
3600 4504
3600 4569
3600 4582
3600 4583
3600 4588
3600 4596
3600 4617
3600 4622
3600 4624
3600 4636
3600 4677
3600 4692
3602 4583
3606 4602
3606 4633
3606 4641
3606 4675
3614 4497
3636 4424
3637 4396
3637 4399
3637 4401
3637 4413
3637 4424
3637 4442
3637 4445
3637 4459
3637 4504
3637 4539
3637 4541
3637 4549
3637 4553
3637 4578
3637 4583
3637 4584
3637 4586
3637 4588
3637 4590
3637 4595
3637 4611
3637 4619
3637 4636
3637 4640
3638 4424
3641 4541
3641 4603
3657 4565
3662 4541
3666 4413
3668 4424
3668 4482
3668 4541
3668 4567
3676 4408
3676 4421
3676 4428
3676 4442
3676 4472
3676 4482
3676 4483
3676 4503
3676 4656
3676 4700
3681 4541
3681 4569
3690 4610
3690 4700
3697 4503
3698 4622
3698 4692
3706 4438
3706 4513
3706 4568
3706 4578
3706 4611
3706 4619
3706 4640
3718 4583
3730 4413
3731 4396
3731 4401
3731 4497
3731 4504
3731 4510
3731 4541
3731 4549
3731 4553
3731 4569
3731 4582
3731 4584
3731 4588
3731 4591
3731 4603
3731 4609
3731 4641
3731 4651
3731 4656
3731 4680
3731 4683
3731 4692
3744 4411
3745 4424
3745 4472
3745 4482
3745 4492
3745 4502
3745 4537
3745 4541
3745 4622
3750 4424
3750 4445
3750 4588
3750 4606
3751 4510
3751 4553
3751 4658
3751 4675
3751 4692
3751 4700
3755 4625
3758 4584
3762 4438
3762 4467
3762 4504
3762 4582
3762 4583
3762 4588
3762 4609
3768 4541
3768 4677
3769 4411
3769 4608
3789 4396
3789 4504
3789 4567
3792 4396
3792 4399
3792 4411
3792 4413
3792 4483
3792 4541
3792 4549
3792 4568
3792 4584
3792 4595
3794 4567
3795 4578
3795 4622
3797 4396
3797 4445
3797 4465
3797 4482
3797 4513
3797 4541
3797 4553
3797 4611
3798 4469
3798 4541
3798 4622
3798 4651
3806 4692
3811 4636
3824 4537
3824 4553
3830 4411
3830 4530
3830 4584
3830 4602
3830 4622
3830 4692
3833 4411
3833 4700
3840 4465
3840 4610
3845 4611
3849 4396
3849 4451
3849 4535
3849 4539
3849 4611
3849 4640
3852 4565
3852 4598
3852 4619
3852 4656
3852 4680
3852 4694
3867 4467
3867 4583
3878 4399
3878 4474
3878 4482
3878 4483
3878 4502
3878 4510
3878 4530
3878 4535
3878 4537
3878 4541
3878 4549
3878 4567
3878 4569
3878 4610
3878 4617
3878 4622
3878 4624
3878 4651
3878 4656
3878 4660
3878 4675
3878 4692
3879 4567
3882 4396
3882 4413
3882 4424
3882 4445
3882 4513
3882 4526
3882 4539
3882 4590
3882 4595
3882 4602
3882 4611
3882 4640
3882 4641
3882 4672
3882 4683
3883 4411
3883 4539
3883 4584
3883 4586
3883 4602
3883 4619
3883 4680
3896 4483
3896 4526
3896 4610
3896 4625
3899 4428
3909 4483
3912 4660
3922 4553
3922 4590
3922 4615
3922 4641
3924 4601
3925 4445
3925 4526
3931 4411
3931 4583
3931 4622
3933 4413
3933 4428
3933 4467
3933 4472
3933 4502
3933 4510
3933 4541
3933 4549
3933 4567
3933 4569
3933 4583
3933 4596
3933 4603
3933 4609
3933 4622
3933 4636
3933 4651
3933 4658
3933 4675
3933 4692
3933 4700
3955 4413
3974 4428
3974 4451
3974 4497
3974 4530
3974 4535
3974 4537
3974 4541
3974 4565
3974 4584
3974 4590
3974 4596
3974 4603
3974 4619
3974 4622
3974 4641
3974 4675
3980 4583
3983 4396
3983 4553
3983 4603
3983 4622
3983 4651
3983 4704
3985 4442
3985 4503
3986 4396
3986 4399
3986 4411
3986 4413
3986 4424
3986 4428
3986 4438
3986 4445
3986 4465
3986 4472
3986 4482
3986 4483
3986 4502
3986 4504
3986 4510
3986 4513
3986 4526
3986 4530
3986 4535
3986 4537
3986 4539
3986 4541
3986 4549
3986 4567
3986 4568
3986 4569
3986 4578
3986 4582
3986 4583
3986 4586
3986 4588
3986 4591
3986 4598
3986 4602
3986 4606
3986 4609
3986 4610
3986 4611
3986 4617
3986 4622
3986 4624
3986 4636
3986 4640
3986 4651
3986 4656
3986 4672
3986 4675
3986 4677
3986 4679
3986 4683
3986 4692
3992 4396
3992 4541
3992 4567
3992 4622
3992 4641
3992 4651
3994 4502
3994 4651
3998 4411
3998 4472
3998 4483
3999 4438
3999 4451
3999 4497
3999 4526
3999 4591
3999 4692
4000 4408
4005 4578
4009 4396
4009 4553
4009 4584
4009 4658
4013 4438
4013 4530
4013 4537
4013 4565
4013 4584
4013 4586
4013 4590
4013 4598
4013 4606
4013 4609
4013 4622
4013 4641
4013 4675
4015 4541
4016 4677
4017 4396
4017 4624
4019 4438
4022 4553
4027 4483
4027 4553
4027 4700
4028 4396
4028 4411
4028 4413
4028 4424
4028 4465
4028 4467
4028 4473
4028 4504
4028 4513
4028 4538
4028 4539
4028 4549
4028 4553
4028 4582
4028 4583
4028 4591
4028 4593
4028 4598
4028 4602
4028 4608
4028 4611
4028 4636
4028 4651
4028 4656
4028 4683
4028 4692
4028 4694
4028 4700
4028 4706
4028 4707
4031 4451
4031 4459
4031 4497
4031 4598
4031 4619
4038 4424
4038 4451
4038 4502
4038 4541
4039 4677
4047 4396
4049 4567
4051 4497
4051 4553
4051 4567
4051 4615
4051 4658
4051 4680
4055 4679
4057 4411
4057 4504
4070 4396
4070 4399
4070 4411
4070 4413
4070 4424
4070 4428
4070 4438
4070 4445
4070 4465
4070 4472
4070 4473
4070 4504
4070 4510
4070 4513
4070 4526
4070 4535
4070 4537
4070 4539
4070 4541
4070 4553
4070 4567
4070 4569
4070 4582
4070 4583
4070 4586
4070 4596
4070 4601
4070 4608
4070 4609
4070 4610
4070 4611
4070 4617
4070 4622
4070 4640
4070 4641
4070 4651
4070 4656
4070 4660
4070 4692
4070 4694
4083 4700
4085 4503
4085 4706
4088 4475
4090 4451
4090 4565
4090 4596
4090 4598
4090 4602
4090 4672
4090 4683
4091 4396
4091 4401
4091 4438
4091 4451
4091 4465
4091 4497
4091 4526
4091 4583
4091 4588
4091 4598
4091 4619
4091 4672
4094 4493
4094 4672
4094 4675
4096 4413
4096 4504
4096 4582
4096 4586
4096 4588
4096 4651
4096 4656
4096 4675
4096 4677
4096 4692
4096 4700
4102 4541
4104 4660
4106 4411
4106 4428
4106 4465
4106 4497
4106 4504
4106 4537
4106 4553
4106 4567
4106 4583
4106 4598
4106 4656
4108 4502
4108 4549
4108 4683
4115 4700
4116 4438
4116 4609
4116 4622
4116 4651
4116 4700
4119 4590
4122 4502
4122 4541
4122 4567
4125 4549
4125 4700
4134 4641
4135 4396
4135 4424
4135 4526
4135 4590
4135 4598
4136 4411
4136 4472
4136 4567
4136 4622
4136 4651
4137 4569
4137 4610
4138 4401
4138 4475
4138 4503
4138 4526
4138 4538
4138 4564
4138 4565
4138 4572
4138 4578
4138 4584
4138 4590
4138 4596
4138 4619
4138 4660
4138 4672
4138 4704
4140 4482
4140 4483
4140 4541
4140 4567
4141 4396
4141 4411
4141 4428
4141 4472
4141 4482
4141 4483
4141 4510
4141 4530
4141 4535
4141 4537
4141 4541
4141 4551
4141 4567
4141 4569
4141 4651
4141 4656
4141 4675
4141 4677
4141 4692
4142 4396
4142 4399
4142 4413
4142 4513
4142 4526
4142 4582
4142 4584
4142 4588
4142 4609
4142 4619
4142 4640
4142 4692
4143 4411
4143 4549
4144 4396
4144 4399
4144 4401
4144 4411
4144 4424
4144 4472
4144 4503
4144 4504
4144 4510
4144 4513
4144 4530
4144 4535
4144 4537
4144 4539
4144 4541
4144 4549
4144 4553
4144 4567
4144 4568
4144 4582
4144 4584
4144 4586
4144 4588
4144 4591
4144 4598
4144 4640
4144 4660
4145 4502
4145 4510
4145 4541
4145 4567
4145 4569
4145 4578
4145 4617
4145 4622
4145 4624
4145 4636
4145 4651
4145 4656
4145 4675
4145 4677
4145 4692
4145 4700
4146 4483
4146 4502
4146 4510
4146 4609
4146 4617
4146 4622
4146 4624
4146 4636
4147 4428
4147 4541
4147 4610
4147 4624
4147 4636
4149 4428
4149 4472
4149 4482
4149 4483
4149 4510
4149 4541
4149 4567
4149 4656
4149 4675
4149 4692
4150 4396
4150 4411
4150 4424
4150 4445
4150 4451
4150 4459
4150 4504
4150 4513
4150 4526
4150 4549
4150 4553
4150 4582
4150 4583
4150 4584
4150 4586
4150 4588
4150 4602
4150 4609
4150 4611
4150 4640
4150 4658
4150 4675
4150 4692
4152 4472
4152 4475
4152 4502
4152 4530
4152 4567
4152 4572
4152 4610
4152 4622
4152 4624
4152 4633
4152 4636
4152 4651
4152 4656
4152 4675
4152 4677
4153 4396
4153 4411
4153 4424
4153 4428
4153 4438
4153 4442
4153 4445
4153 4467
4153 4472
4153 4482
4153 4483
4153 4502
4153 4504
4153 4510
4153 4513
4153 4526
4153 4535
4153 4537
4153 4539
4153 4541
4153 4567
4153 4568
4153 4569
4153 4578
4153 4582
4153 4583
4153 4586
4153 4588
4153 4598
4153 4602
4153 4606
4153 4609
4153 4610
4153 4611
4153 4617
4153 4622
4153 4624
4153 4636
4153 4640
4153 4651
4153 4656
4153 4658
4153 4672
4153 4675
4153 4679
4154 4396
4154 4401
4154 4411
4154 4413
4154 4421
4154 4424
4154 4428
4154 4445
4154 4465
4154 4467
4154 4472
4154 4483
4154 4502
4154 4504
4154 4510
4154 4513
4154 4537
4154 4541
4154 4549
4154 4553
4154 4567
4154 4582
4154 4583
4154 4584
4154 4588
4154 4590
4154 4596
4154 4603
4154 4608
4154 4611
4154 4617
4154 4619
4154 4622
4154 4636
4154 4641
4154 4651
4154 4656
4154 4675
4154 4677
4154 4683
4154 4692
4154 4706
4155 4428
4155 4472
4155 4482
4155 4483
4155 4503
4155 4510
4155 4610
4155 4700
4158 4408
4158 4636
4158 4641
4161 4411
4161 4586
4161 4588
4161 4640
4161 4700
4164 4603
4164 4611
4165 4658
4170 4598
4170 4675
4170 4692
4176 4541
4176 4553
4184 4451
4184 4497
4184 4502
4184 4651
4184 4692
4187 4602
4195 4396
4195 4411
4195 4609
4195 4619
4199 4408
4199 4421
4199 4463
4202 4526
4202 4591
4202 4606
4202 4619
4206 4399
4206 4445
4206 4502
4206 4617
4206 4624
4206 4636
4206 4683
4206 4692
4207 4428
4207 4442
4207 4463
4207 4472
4207 4475
4207 4482
4207 4510
4207 4518
4207 4530
4207 4541
4207 4551
4207 4572
4207 4578
4207 4610
4207 4617
4207 4622
4207 4624
4207 4625
4207 4633
4207 4636
4207 4641
4207 4651
4207 4700
4207 4706
4212 4445
4214 4459
4222 4472
4222 4483
4229 4569
4229 4619
4230 4502
4230 4535
4233 4445
4233 4465
4233 4469
4233 4502
4233 4549
4233 4588
4233 4590
4233 4609
4233 4658
4240 4428
4241 4567
4241 4569
4244 4424
4244 4526
4244 4622
4245 4569
4246 4541
4247 4465
4247 4503
4250 4472
4250 4692
4250 4706
4254 4656
4262 4396
4262 4510
4262 4651
4273 4421
4274 4700
4288 4596
4290 4700
4291 4428
4297 4504
4297 4672
4301 4502
4301 4692
4303 4526
4304 4396
4305 4503
4307 4399
4318 4518
4318 4537
4318 4567
4321 4438
4321 4504
4321 4582
4321 4583
4321 4588
4323 4396
4323 4399
4323 4411
4323 4622
4323 4624
4323 4656
4323 4677
4323 4692
4330 4502
4330 4610
4330 4622
4330 4624
4330 4636
4330 4651
4330 4656
4330 4675
4330 4677
4330 4692
4332 4411
4332 4424
4332 4445
4332 4467
4332 4539
4332 4565
4332 4583
4332 4584
4332 4602
4332 4611
4334 4619
4334 4656
4334 4692
4335 4590
4339 4445
4339 4502
4339 4539
4339 4606
4340 4424
4340 4451
4340 4502
4340 4541
4343 4465
4343 4472
4343 4503
4343 4513
4343 4569
4343 4610
4343 4656
4347 4569
4352 4636
4358 4428
4358 4482
4358 4651
4359 4411
4359 4503
4359 4510
4361 4610
4361 4625
4363 4424
4363 4569
4364 4651
4366 4413
4366 4503
4368 4569
4372 4537
4383 4510
4387 4482
4396 4399
4396 4401
4396 4411
4396 4424
4396 4436
4396 4438
4396 4445
4396 4451
4396 4459
4396 4467
4396 4497
4396 4504
4396 4513
4396 4526
4396 4539
4396 4553
4396 4565
4396 4568
4396 4584
4396 4586
4396 4588
4396 4596
4396 4598
4396 4602
4396 4603
4396 4606
4396 4609
4396 4611
4396 4615
4396 4619
4396 4640
4396 4641
4396 4651
4396 4658
4396 4660
4396 4672
4396 4679
4396 4680
4396 4692
4400 4475
4401 4603
4401 4619
4402 4396
4402 4411
4402 4424
4402 4438
4402 4445
4402 4465
4402 4472
4402 4503
4402 4526
4402 4535
4402 4539
4402 4549
4402 4553
4402 4567
4402 4568
4402 4569
4402 4583
4402 4584
4402 4586
4402 4588
4402 4590
4402 4598
4402 4602
4402 4609
4402 4611
4402 4640
4402 4651
4402 4658
4402 4692
4402 4700
4403 4569
4404 4472
4404 4567
4411 4396
4411 4413
4411 4424
4411 4445
4411 4465
4411 4504
4411 4513
4411 4539
4411 4549
4411 4582
4411 4584
4411 4588
4411 4590
4411 4602
4411 4606
4411 4641
4411 4658
4411 4675
4411 4692
4412 4421
4415 4526
4416 4424
4417 4700
4418 4569
4419 4396
4419 4424
4419 4472
4419 4510
4419 4700
4420 4413
4420 4421
4422 4424
4427 4428
4436 4411
4436 4413
4436 4465
4436 4467
4436 4526
4436 4568
4436 4583
4436 4586
4436 4606
4436 4608
4436 4611
4436 4672
4436 4679
4439 4513
4440 4601
4441 4442
4441 4504
4441 4583
4445 4424
4445 4606
4445 4640
4445 4651
4450 4640
4452 4502
4452 4503
4452 4567
4452 4569
4452 4610
4452 4617
4452 4622
4452 4624
4454 4473
4454 4483
4454 4503
4458 4396
4458 4438
4458 4502
4458 4510
4458 4552
4458 4610
4458 4624
4459 4459
4461 4535
4461 4553
4462 4584
4465 4467
4465 4624
4465 4677
4469 4411
4469 4424
4469 4539
4469 4608
4474 4475
4477 4396
4477 4411
4477 4683
4481 4482
4484 4411
4484 4504
4484 4526
4484 4590
4484 4606
4484 4622
4484 4679
4487 4596
4487 4683
4489 4583
4491 4651
4491 4700
4500 4501
4504 4396
4504 4541
4504 4582
4504 4683
4504 4692
4506 4510
4507 4510
4508 4399
4508 4510
4508 4541
4508 4549
4508 4569
4508 4572
4508 4578
4508 4610
4508 4612
4508 4617
4508 4622
4508 4624
4508 4633
4508 4636
4508 4641
4508 4651
4508 4656
4509 4510
4509 4565
4512 4399
4512 4465
4512 4467
4512 4588
4512 4608
4513 4396
4513 4411
4513 4424
4513 4438
4513 4445
4513 4451
4513 4467
4513 4473
4513 4504
4513 4526
4513 4539
4513 4541
4513 4565
4513 4568
4513 4582
4513 4583
4513 4584
4513 4586
4513 4588
4513 4591
4513 4598
4513 4602
4513 4603
4513 4606
4513 4609
4513 4610
4513 4611
4513 4617
4513 4622
4513 4624
4513 4633
4513 4636
4513 4640
4513 4641
4513 4651
4513 4656
4513 4675
4513 4677
4513 4679
4513 4692
4513 4700
4514 4514
4515 4658
4515 4700
4518 4692
4519 4656
4519 4675
4520 4396
4520 4513
4521 4583
4521 4595
4526 4411
4526 4504
4526 4541
4526 4553
4526 4582
4526 4583
4526 4588
4526 4602
4526 4610
4529 4530
4530 4568
4531 4537
4532 4535
4533 4535
4534 4535
4538 4606
4539 4396
4539 4399
4539 4411
4539 4424
4539 4584
4539 4586
4539 4611
4539 4624
4539 4640
4539 4641
4539 4692
4540 4411
4540 4541
4540 4683
4543 4583
4550 4551
4554 4569
4554 4572
4554 4584
4555 4567
4558 4559
4562 4572
4562 4700
4563 4567
4564 4567
4564 4584
4564 4611
4565 4553
4565 4565
4565 4567
4565 4584
4565 4595
4565 4598
4565 4672
4565 4679
4566 4567
4567 4401
4567 4565
4567 4584
4567 4660
4568 4641
4571 4622
4571 4624
4571 4677
4571 4683
4572 4675
4575 4396
4575 4399
4575 4411
4575 4465
4575 4549
4575 4677
4575 4692
4575 4700
4576 4578
4576 4586
4577 4578
4580 4396
4580 4411
4580 4424
4580 4438
4580 4445
4580 4451
4580 4504
4580 4526
4580 4539
4580 4553
4580 4584
4580 4586
4580 4588
4580 4598
4580 4602
4580 4606
4580 4609
4580 4611
4580 4640
4580 4658
4580 4660
4580 4677
4580 4683
4582 4504
4582 4588
4583 4467
4584 4396
4584 4401
4584 4436
4584 4445
4584 4484
4584 4497
4584 4513
4584 4539
4584 4553
4584 4586
4584 4590
4584 4596
4584 4598
4584 4602
4584 4603
4584 4606
4584 4608
4584 4609
4584 4615
4584 4619
4584 4640
4584 4658
4584 4679
4584 4680
4585 4601
4586 4396
4586 4411
4586 4438
4586 4445
4586 4451
4586 4459
4586 4497
4586 4513
4586 4526
4586 4539
4586 4553
4586 4565
4586 4568
4586 4582
4586 4583
4586 4584
4586 4588
4586 4590
4586 4591
4586 4595
4586 4598
4586 4603
4586 4606
4586 4608
4586 4609
4586 4611
4586 4615
4586 4619
4586 4640
4586 4641
4586 4658
4586 4679
4588 4396
4588 4424
4588 4640
4588 4677
4589 4399
4589 4583
4590 4584
4590 4641
4591 4438
4591 4568
4591 4672
4592 4504
4592 4588
4593 4411
4593 4513
4593 4549
4593 4598
4593 4683
4593 4707
4593 4709
4595 4424
4595 4436
4595 4539
4595 4553
4595 4584
4595 4602
4595 4660
4595 4694
4596 4413
4596 4467
4596 4513
4596 4553
4596 4584
4596 4598
4596 4602
4598 4396
4598 4411
4598 4451
4598 4526
4598 4539
4598 4553
4598 4584
4598 4586
4598 4590
4598 4596
4598 4602
4598 4609
4598 4615
4598 4636
4598 4640
4598 4656
4598 4658
4598 4660
4598 4679
4599 4582
4600 4438
4601 4396
4601 4651
4601 4672
4601 4694
4601 4700
4601 4706
4602 4411
4602 4465
4602 4467
4602 4582
4602 4588
4602 4640
4603 4413
4603 4549
4603 4610
4603 4651
4604 4619
4605 4641
4605 4660
4606 4396
4606 4424
4606 4445
4606 4583
4606 4584
4606 4603
4606 4611
4606 4619
4606 4641
4607 4582
4608 4411
4608 4424
4608 4539
4608 4565
4608 4584
4608 4598
4608 4602
4608 4610
4608 4624
4608 4675
4608 4677
4609 4424
4609 4451
4609 4502
4609 4610
4611 4399
4611 4413
4611 4502
4611 4656
4613 4617
4614 4549
4614 4617
4616 4465
4616 4622
4616 4651
4618 4618
4619 4396
4619 4609
4619 4611
4619 4640
4619 4700
4623 4502
4623 4624
4626 4502
4627 4502
4628 4502
4629 4411
4629 4465
4629 4656
4631 4396
4631 4411
4631 4424
4631 4438
4631 4526
4631 4583
4631 4590
4631 4602
4631 4609
4631 4651
4631 4656
4632 4656
4634 4636
4635 4396
4635 4636
4635 4651
4635 4656
4635 4683
4639 4675
4640 4396
4640 4399
4640 4411
4640 4445
4640 4513
4640 4539
4640 4584
4640 4595
4640 4609
4640 4611
4640 4619
4640 4692
4641 4451
4641 4590
4641 4596
4642 4651
4642 4656
4646 4651
4646 4656
4646 4675
4646 4677
4648 4651
4649 4651
4650 4651
4650 4700
4652 4656
4653 4656
4654 4656
4655 4656
4655 4700
4657 4401
4664 4677
4667 4619
4667 4677
4667 4680
4668 4675
4668 4692
4669 4675
4670 4675
4671 4675
4672 4675
4673 4675
4674 4675
4676 4677
4677 4683
4679 4396
4679 4424
4679 4465
4679 4504
4679 4583
4679 4608
4679 4640
4679 4641
4681 4399
4681 4411
4681 4549
4681 4584
4681 4586
4681 4640
4681 4692
4682 4411
4682 4413
4689 4692
4690 4399
4690 4692
4690 4700
4691 4692
4691 4700
4693 4436
4695 4513
4695 4700
4696 4700
4697 4700
4698 4700
4699 4467
4699 4588
4699 4700
4709 4658
4710 4438
4710 4583
4726 4565
4726 4568
4726 4583
4726 4584
4726 4590
4726 4598
4726 4606
4726 4615
4726 4672
4726 4679
4729 4640
4731 4401
4732 4445
4732 4504
4732 4526
4732 4568
4732 4583
4732 4588
4732 4596
4732 4679
4742 4413
4742 4465
4742 4497
4744 4683
4745 4583
4745 4683
4746 4660
4752 4401
4752 4411
4752 4424
4752 4539
4752 4584
4752 4590
4756 4611
4760 4396
4760 4411
4760 4413
4760 4465
4762 4565
4764 4584
4775 4411
4776 4411
4777 4411
4778 4411
4779 4411
4780 4396
4781 4396
4782 4396
4782 4465
4782 4549
4782 4672
4783 4396
4786 4401
4786 4459
4786 4590
4786 4602
4786 4603
4789 4399
4789 4413
4789 4465
4789 4549
4792 4411
4792 4445
4793 4526
4793 4583
4798 4399
4798 4438
4798 4549
4798 4598
4800 4590
4800 4598
4800 4641
4805 4549
4813 4465
4815 4598
4816 4396
4816 4424
4816 4513
4816 4553
4816 4606
4816 4640
4816 4660
4818 4611
4822 4413
4823 4598
4831 4413
4831 4588
4835 4465
4839 4465
4839 4497
4839 4513
4839 4526
4839 4582
4846 4465
4847 4465
4848 4438
4848 4465
4848 4640
4849 4602
4851 4413
4854 4438
4859 4606
4869 4396
4869 4606
4869 4611
4873 4411
4873 4424
4873 4602
4876 4413
4877 4413
4877 4608
4878 4413
4879 4413
4880 4467
4881 4438
4881 4467
4882 4451
4882 4467
4882 4582
4882 4583
4882 4590
4882 4591
4882 4598
4882 4658
4882 4660
4883 4467
4883 4694
4885 4401
4885 4451
4885 4598
4885 4615
4887 4504
4892 4411
4892 4526
4893 4588
4898 4424
4898 4497
4898 4553
4898 4590
4898 4598
4898 4606
4898 4641
4899 4396
4900 4539
4900 4584
4900 4611
4900 4619
4900 4640
4900 4641
4900 4660
4918 4396
4918 4411
4918 4424
4918 4513
4918 4526
4918 4539
4918 4565
4918 4583
4918 4584
4918 4595
4918 4598
4918 4611
4918 4679
4919 4583
4920 4411
4920 4445
4920 4513
4920 4539
4920 4584
4920 4590
4920 4595
4920 4603
4920 4606
4920 4609
4920 4619
4920 4640
4920 4660
4920 4680
4923 4553
4923 4565
4923 4584
4923 4590
4923 4658
4923 4660
4935 4396
4935 4436
4935 4445
4935 4513
4935 4553
4935 4565
4935 4568
4935 4586
4935 4588
4935 4590
4935 4598
4935 4611
4935 4658
4938 4396
4938 4411
4938 4424
4938 4438
4938 4445
4938 4451
4938 4459
4938 4513
4938 4526
4938 4539
4938 4553
4938 4565
4938 4583
4938 4598
4938 4608
4938 4609
4938 4611
4938 4672
4938 4680
4946 4424
4946 4588
4947 4396
4947 4411
4947 4424
4947 4445
4947 4459
4947 4513
4947 4539
4947 4584
4947 4595
4947 4611
4947 4660
4948 4438
4951 4436
4951 4513
4951 4526
4951 4564
4951 4565
4951 4568
4951 4584
4951 4598
4951 4602
4951 4606
4951 4609
4951 4611
4951 4679
4960 4609
4961 4445
4962 4565
4967 4526
4968 4396
4968 4424
4968 4445
4968 4513
4968 4526
4968 4539
4968 4586
4968 4598
4968 4606
4968 4609
4968 4611
4968 4640
4969 4582
4969 4588
4969 4672
4973 4588
4974 4588
4975 4445
4975 4582
4975 4611
4975 4640
4976 4582
4990 4598
4990 4640
4999 4436
5003 4411
5003 4513
5003 4591
5003 4611
5003 4619
5003 4672
5004 4513
5004 4606
5005 4538
5006 4538
5016 4584
5016 4679
5018 4680
5027 4526
5029 4411
5029 4553
5029 4602
5031 4476
5031 4584
5031 4603
5031 4619
5031 4694
5045 4526
5048 4609
5049 4606
5051 4396
5051 4445
5051 4539
5051 4565
5051 4584
5051 4590
5051 4595
5051 4598
5051 4641
5052 4586
5053 4396
5053 4539
5053 4584
5053 4640
5056 4586
5056 4608
5057 4586
5059 4396
5059 4401
5059 4411
5059 4445
5059 4526
5059 4553
5059 4583
5059 4584
5059 4590
5059 4595
5059 4598
5059 4658
5059 4672
5064 4526
5064 4583
5065 4411
5065 4539
5065 4583
5065 4609
5066 4583
5067 4583
5068 4609
5074 4584
5081 4598
5081 4641
5081 4672
5085 4445
5085 4611
5085 4640
5086 4396
5086 4411
5086 4513
5086 4526
5086 4584
5086 4619
5086 4660
5086 4679
5087 4591
5088 4411
5088 4611
5089 4611
5089 4640
5099 4424
5099 4660
5107 4396
5108 4619
5111 4553
5111 4595
5111 4598
5112 4568
5112 4584
5112 4595
5112 4602
5112 4619
5112 4679
5114 4526
5114 4539
5114 4565
5114 4598
5114 4658
5114 4660
5117 4641
5124 4396
5137 4445
5138 4401
5138 4445
5138 4451
5138 4497
5138 4596
5138 4619
5138 4640
5138 4680
5139 4411
5139 4660
5146 4694
5148 4609
5149 4602
5149 4608
5149 4609
5149 4611
5149 4640
5149 4694
5151 4411
5151 4424
5151 4539
5155 4411
5155 4424
5155 4445
5155 4497
5155 4513
5155 4539
5155 4553
5155 4565
5155 4568
5155 4584
5155 4591
5155 4595
5155 4598
5155 4602
5155 4606
5155 4611
5155 4640
5155 4658
5155 4672
5156 4672
5158 4396
5158 4411
5158 4513
5158 4565
5158 4568
5158 4584
5158 4590
5158 4591
5158 4596
5158 4598
5158 4606
5158 4679
5159 4396
5159 4553
5159 4565
5159 4584
5159 4590
5159 4595
5159 4598
5159 4606
5159 4641
5159 4658
5159 4679
5160 4396
5160 4411
5160 4424
5160 4436
5160 4513
5160 4539
5160 4565
5160 4568
5160 4584
5160 4591
5160 4595
5160 4598
5160 4602
5160 4606
5160 4672
5160 4679
5162 4451
5162 4459
5162 4497
5162 4553
5162 4584
5162 4590
5162 4615
5162 4619
5162 4641
5162 4658
5162 4680
5165 4411
5165 4615
5171 4411
5175 4526
5179 4396
5179 4411
5179 4424
5179 4445
5179 4539
5179 4553
5179 4602
5179 4679
5187 4619
5188 4424
5191 4513
5191 4608
5194 4553
5206 4513
5213 4619
5213 4641
5214 4608
5219 4497
5221 4436
5221 4445
5221 4526
5221 4553
5221 4584
5221 4590
5221 4606
5221 4615
5221 4641
5221 4658
5221 4660
5230 4445
5237 4586
5239 4411
5239 4445
5239 4513
5239 4539
5239 4584
5239 4602
5239 4619
5239 4640
5244 4565
5249 4640
5253 4615
5257 4411
5257 4590
5257 4640
5258 4640
5259 4396
5259 4424
5259 4445
5259 4526
5259 4539
5259 4565
5259 4584
5259 4590
5259 4602
5259 4603
5259 4611
5259 4640
5259 4641
5260 4640
5261 4539
5261 4598
5261 4619
5261 4640
5265 4497
5265 4603
5268 4445
5268 4611
5269 4445
5269 4584
5269 4590
5269 4602
5269 4619
5269 4660
5272 4584
5273 4606
5277 4526
5278 4526
5279 4526
5280 4526
5280 4565
5291 4445
5293 4401
5295 4611
5296 4602
5296 4611
5306 4445
5307 4445
5308 4445
5309 4445
5311 4424
5317 4396
5317 4565
5317 4598
5318 4396
5318 4568
5324 4411
5324 4424
5324 4539
5324 4584
5324 4595
5324 4602
5326 4584
5328 4584
5330 4602
5330 4672
5331 4602
5332 4602
5333 4602
5335 4568
5337 4497
5342 4424
5343 4411
5345 4584
5346 4396
5346 4451
5346 4584
5348 4424
5348 4459
5348 4539
5348 4641
5350 4436
5350 4553
5350 4565
5350 4568
5350 4598
5350 4658
5351 4401
5351 4436
5351 4451
5351 4553
5351 4565
5351 4568
5351 4584
5351 4590
5351 4596
5351 4598
5351 4615
5351 4619
5351 4641
5351 4658
5351 4660
5357 4565
5357 4568
5357 4598
5357 4606
5357 4679
5358 4401
5358 4451
5358 4497
5358 4553
5358 4565
5358 4584
5358 4590
5358 4615
5358 4619
5358 4641
5360 4436
5360 4590
5360 4641
5363 4411
5364 4411
5365 4539
5366 4539
5372 4396
5372 4401
5372 4436
5372 4584
5372 4590
5372 4641
5372 4672
5373 4396
5374 4396
5376 4603
5376 4615
5379 4641
5380 4584
5383 4476
5383 4513
5387 4513
5388 4513
5388 4619
5389 4513
5390 4513
5391 4513
5392 4513
5397 4436
5397 4451
5397 4568
5397 4584
5397 4606
5405 4476
5405 4590
5405 4619
5405 4641
5405 4660
5405 4680
5433 4584
5433 4590
5433 4641
5436 4598
5442 4606
5448 4564
5454 4497
5454 4553
5455 4584
5456 4401
5456 4451
5456 4459
5456 4497
5456 4596
5456 4603
5456 4619
5456 4680
5458 4401
5458 4497
5459 4619
5460 4451
5460 4553
5460 4568
5460 4584
5460 4590
5460 4615
5460 4619
5460 4641
5460 4658
5460 4679
5460 4680
5462 4660
5463 4451
5463 4497
5463 4584
5463 4590
5463 4615
5463 4619
5463 4641
5463 4660
5463 4680
5464 4497
5464 4619
5465 4584
5465 4590
5465 4596
5465 4603
5465 4615
5465 4619
5465 4641
5465 4660
5465 4680
5468 4606
5470 4584
5477 4565
5477 4584
5477 4590
5477 4603
5477 4641
5477 4660
5477 4680
5481 4451
5481 4459
5481 4538
5481 4584
5481 4590
5481 4596
5481 4603
5481 4619
5481 4641
5481 4680
5485 4401
5485 4497
5485 4565
5485 4584
5485 4615
5485 4641
5485 4660
5490 4436
5490 4553
5490 4598
5490 4658
5491 4436
5507 4568
5508 4568
5508 4584
5512 4565
5515 4658
5516 4565
5518 4619
5518 4641
5524 4565
5530 4619
5531 4497
5531 4658
5546 4603
5547 4565
5548 4565
5549 4565
5550 4565
5555 4401
5555 4598
5560 4595
5561 4553
5581 4584
5581 4590
5581 4619
5581 4641
5582 4615
5583 4641
5585 4615
5586 4590
5587 4401
5587 4497
5587 4584
5587 4590
5587 4619
5587 4641
5587 4660
5589 4553
5589 4595
5589 4641
5593 4584
5595 4590
5595 4641
5597 4584
5597 4590
5597 4641
5603 4585
5606 4401
5606 4615
5612 4658
5617 4596
5618 4451
5618 4590
5618 4596
5618 4603
5618 4619
5619 4497
5619 4553
5619 4660
5627 4451
5627 4584
5627 4590
5627 4595
5627 4619
5639 4553
5639 4658
5645 4641
5647 4553
5650 4590
5652 4590
5657 4584
5657 4590
5657 4641
5658 4658
5659 4615
5661 4584
5670 4553
5672 4451
5672 4584
5672 4590
5672 4641
5681 4497
5681 4641
5684 4619
5687 4590
5687 4619
5688 4641
5692 4451
5694 4595
5694 4619
5699 4660
5706 4451
5712 4584
5717 4459
5717 4596
5717 4641
5741 4590
5741 4641
5741 4660
5745 4451
5745 4704
5756 4660
5759 4459
5777 4497
5781 4615
5785 4451
5785 4459
5791 4451
5791 4596
5792 4401
5799 4603
5802 4619
5809 4401
5809 4619
5830 4401
5830 4619
5851 4401
5851 4451
5858 4680
5869 4497
5872 4619
5873 4619
5877 4619
5879 4451
5879 4596
5882 4497
5883 4497
5888 4538
5888 4596
5888 4603
5888 4619
5888 4680
5890 4619
5906 4401
5909 4680
5910 4680
5914 4451
5914 4603
5915 4603
5915 4619
5934 4401
5934 4619
5955 4619
5966 4451
5970 4451
5988 4451
5999 4451
5999 4603
6000 4451
6000 4596
6001 4451
6011 4680
6035 4451
6048 4603
6086 4451
6086 4459
6089 4451
6092 4596
6093 4596
6094 4596
6095 4596
6096 4596
6098 4596
6099 4596
6100 4459
6100 4596
6101 4596
6111 4603
6112 4603
6113 4603
6114 4603
6124 4459
6164 4451
6165 4451
6170 4538
