4037 0.0045498
2625 0.00383844
6634 0.00379309
15 0.00314954
2398 0.00266971
2328 0.00261222
5412 0.00238004
2470 0.00237808
7632 0.00227971
3089 0.00225699
3352 0.00222766
737 0.0021808
4191 0.00214768
3456 0.00213926
2237 0.00213782
5254 0.00211889
6832 0.00208241
7553 0.00207592
2066 0.00201878
1297 0.00197553
7092 0.00189734
4310 0.00187416
4712 0.00182098
6946 0.0017865
6774 0.00178384
762 0.00177072
1186 0.00175059
993 0.00169924
2958 0.00169396
6006 0.00165344
2657 0.00163852
4335 0.00163769
4828 0.00163366
665 0.00163081
4735 0.00162914
8042 0.00161728
4875 0.0016111
4256 0.00155581
3537 0.00155342
7620 0.00154272
3238 0.00152385
4261 0.00148435
271 0.00148141
5123 0.0014624
3568 0.00146007
5484 0.00145452
1549 0.0014451
3498 0.00144361
825 0.00144205
3084 0.00144143
2485 0.00142945
5079 0.00141504
6784 0.00141059
2871 0.00139758
2535 0.00138619
2654 0.00138558
5404 0.00137804
6334 0.00136972
8163 0.0013683
5459 0.00136824
2565 0.00132372
4400 0.00131303
5543 0.00130965
3562 0.00130649
4600 0.0013045
2859 0.0012949
6059 0.00128747
3334 0.00128557
2746 0.0012708
2651 0.00126411
7809 0.00125838
5022 0.00125219
3897 0.00124184
5226 0.00122299
3321 0.00122109
3034 0.00120012
2576 0.00118463
1633 0.00117659
1211 0.00116737
4040 0.00116457
1726 0.00116403
4531 0.00116361
7961 0.00115699
5563 0.00114938
4981 0.00114581
1842 0.00113885
6330 0.00113864
3005 0.00113421
86 0.00113334
1754 0.00113091
5605 0.00112661
3962 0.00111897
2594 0.00111718
7890 0.00111691
3443 0.00111377
28 0.00111088
4666 0.00110979
7214 0.00110605
3260 0.00110463
6124 0.00108747