3 4249
8 4082
8 4089
8 4094
8 4110
8 4111
8 4120
17 4252
21 4261
21 4311
21 4321
21 4363
24 4202
24 4311
24 4344
26 4307
27 4202
33 4120
33 4311
33 4344
34 4311
39 4321
41 4202
41 4332
44 4311
55 4202
55 4288
55 4311
56 4307
65 4085
65 4106
65 4144
65 4153
65 4184
65 4202
65 4206
65 4224
65 4307
65 4311
65 4326
65 4330
65 4334
65 4338
65 4344
65 4348
65 4363
67 4202
67 4247
67 4344
67 4383
79 4165
79 4202
79 4298
79 4311
79 4319
79 4332
79 4338
79 4344
79 4363
81 4311
92 4311
92 4339
98 4085
98 4116
98 4144
98 4153
98 4165
98 4172
98 4202
98 4212
98 4229
98 4247
98 4307
98 4321
98 4349
98 4359
101 4143
101 4363
104 4127
104 4257
104 4298
104 4311
104 4340
104 4344
104 4378
104 4381
108 4202
108 4307
108 4311
108 4338
112 4247
115 4116
115 4334
115 4361
117 4344
120 4224
121 4154
122 4311
122 4326
137 4172
137 4195
137 4202
137 4224
143 4089
143 4094
143 4110
143 4257
143 4363
143 4383
147 4311
166 4321
188 4184
218 4181
220 4202
225 4094
229 4202
237 4311
250 4110
251 4106
251 4147
251 4334
251 4343
253 4224
255 4172
255 4181
255 4189
255 4224
256 4144
256 4202
256 4257
256 4307
256 4311
256 4338
256 4348
264 4143
264 4147
264 4184
264 4212
264 4257
264 4321
264 4326
264 4344
279 4319
279 4361
280 4311
283 4257
283 4261
295 4202
310 4224
310 4311
310 4344
321 4202
332 4164
332 4359
335 4229
342 4311
361 4247
361 4292
361 4366
368 4110
368 4181
368 4326
368 4344
368 4350
382 4292
388 4082
388 4089
388 4104
388 4110
388 4116
388 4121
388 4143
388 4144
388 4153
388 4154
388 4164
388 4165
388 4169
388 4172
388 4181
388 4184
388 4187
388 4189
388 4195
388 4202
388 4206
388 4212
388 4224
388 4225
388 4229
388 4235
388 4247
388 4257
388 4288
388 4307
388 4311
388 4330
388 4332
388 4338
388 4340
388 4344
388 4348
388 4359
388 4363
388 4378
393 4338
442 4202
442 4212
442 4363
448 4350
451 4311
451 4321
475 4091
475 4094
475 4120
477 4311
494 4184
494 4261
494 4307
494 4321
494 4363
521 4359
522 4091
522 4094
522 4165
522 4224
522 4330
522 4344
522 4381
525 4202
548 4082
548 4120
548 4169
552 4319
566 4311
566 4339
572 4187
572 4366
574 4311
574 4338
574 4381
580 4169
580 4311
585 4311
595 4363
600 4311
603 4311
610 4085
610 4111
610 4120
610 4144
610 4153
610 4164
610 4187
610 4189
610 4212
610 4224
610 4229
610 4247
610 4307
610 4311
610 4350
611 4233
619 4172
620 4189
620 4202
620 4311
620 4334
626 4110
627 4326
630 4121
630 4132
631 4181
631 4326
634 4082
634 4085
634 4089
634 4091
634 4094
634 4104
634 4106
634 4110
634 4111
634 4116
634 4120
634 4121
634 4127
634 4143
634 4147
634 4153
634 4154
634 4164
634 4165
634 4169
634 4181
634 4184
634 4189
634 4202
634 4206
634 4212
634 4298
634 4307
634 4311
634 4321
634 4326
634 4328
634 4330
634 4332
634 4334
634 4344
634 4349
634 4350
634 4359
634 4378
634 4381
637 4311
655 4187
656 4082
656 4089
656 4106
656 4110
656 4127
656 4143
656 4147
656 4169
656 4181
656 4189
656 4202
656 4257
656 4311
656 4326
656 4338
656 4348
656 4381
656 4383
657 4202
678 4082
678 4089
678 4091
678 4106
681 4111
681 4202
690 4106
690 4206
690 4207
690 4233
690 4311
690 4321
690 4340
690 4344
690 4366
695 4132
702 4169
702 4181
714 4165
714 4202
724 4321
724 4361
736 4229
751 4202
751 4257
751 4349
753 4311
782 4094
789 4311
792 4311
793 4311
796 4340
796 4344
813 4339
823 4328
829 4172
829 4316
834 4089
834 4172
835 4311
837 4132
837 4202
837 4207
837 4224
837 4257
837 4298
837 4311
837 4321
837 4338
837 4339
837 4340
837 4348
837 4363
837 4378
837 4381
844 4143
844 4235
848 4202
868 4181
876 4206
876 4307
877 4127
877 4202
886 4257
889 4224
889 4311
895 4212
903 4116
903 4153
903 4202
904 4261
904 4321
904 4363
923 4311
923 4338
923 4339
924 4195
924 4225
924 4247
924 4314
924 4328
924 4350
932 4143
932 4321
941 4257
942 4338
946 4257
947 4082
947 4089
947 4091
947 4094
947 4104
947 4106
947 4147
947 4154
947 4169
947 4181
947 4202
947 4206
947 4224
947 4233
947 4257
947 4311
947 4330
947 4363
950 4222
963 4089
963 4104
963 4143
963 4147
963 4153
963 4184
963 4212
963 4225
963 4321
963 4326
963 4330
963 4334
963 4340
963 4344
963 4381
972 4311
972 4359
974 4089
974 4153
974 4172
974 4202
974 4212
974 4233
974 4247
974 4321
974 4326
974 4338
974 4381
977 4321
977 4338
1004 4307
1004 4311
1008 4164
1011 4206
1011 4359
1014 4089
1014 4202
1014 4224
1014 4321
1014 4326
1049 4154
1049 4189
1049 4338
1079 4094
1079 4344
1094 4127
1094 4189
1094 4307
1107 4224
1108 4224
1122 4235
1138 4261
1138 4321
1143 4363
1145 4311
1153 4082
1153 4106
1153 4121
1153 4127
1153 4141
1153 4154
1153 4164
1153 4187
1153 4202
1153 4207
1153 4224
1153 4233
1153 4247
1153 4249
1153 4257
1153 4261
1153 4292
1153 4298
1153 4307
1153 4311
1153 4334
1153 4339
1153 4340
1153 4348
1153 4349
1153 4361
1153 4363
1153 4374
1153 4381
1153 4383
1156 4311
1160 4249
1164 4165
1172 4207
1172 4363
1174 4334
1180 4091
1193 4292
1237 4338
1242 4120
1242 4169
1245 4110
1245 4169
1245 4311
1245 4332
1245 4338
1248 4334
1262 4311
1266 4094
1266 4143
1266 4189
1266 4224
1266 4311
1266 4339
1266 4344
1289 4233
1291 4247
1295 4184
1295 4344
1302 4184
1302 4311
1307 4082
1307 4091
1307 4106
1307 4116
1307 4120
1307 4127
1307 4143
1307 4165
1307 4184
1307 4189
1307 4206
1307 4233
1307 4237
1307 4249
1307 4257
1307 4307
1307 4314
1307 4330
1307 4359
1307 4361
1307 4383
1310 4089
1310 4106
1310 4127
1310 4165
1310 4222
1310 4224
1310 4261
1310 4311
1310 4326
1310 4334
1310 4339
1310 4344
1310 4361
1310 4363
1313 4311
1357 4202
1362 4089
1362 4224
1362 4257
1368 4261
1375 4350
1377 4110
1377 4116
1377 4359
1391 4132
1391 4154
1391 4257
1395 4311
1398 4184
1398 4311
1412 4082
1413 4189
1417 4091
1417 4143
1417 4233
1429 4181
1437 4094
1440 4089
1440 4143
1440 4348
1446 4143
1446 4257
1446 4311
1446 4338
1449 4082
1450 4106
1450 4153
1450 4184
1450 4311
1450 4334
1455 4349
1465 4202
1465 4261
1468 4091
1468 4094
1470 4094
1478 4202
1478 4338
1479 4143
1482 4143
1482 4233
1492 4089
1505 4202
1505 4247
1510 4089
1510 4187
1526 4339
1532 4082
1533 4165
1533 4172
1533 4202
1533 4212
1536 4143
1536 4311
1536 4344
1536 4348
1543 4363
1544 4344
1547 4334
1550 4172
1550 4311
1550 4340
1556 4110
1556 4153
1556 4206
1556 4321
1556 4332
1567 4089
1575 4111
1575 4153
1575 4202
1575 4298
1575 4311
1575 4338
1598 4321
1607 4247
1607 4311
1610 4120
1630 4334
1631 4089
1631 4094
1631 4104
1631 4165
1631 4187
1631 4206
1631 4311
1631 4344
1638 4082
1638 4094
1638 4110
1638 4111
1638 4235
1641 4383
1652 4261
1652 4321
1661 4321
1678 4127
1678 4153
1678 4212
1678 4249
1678 4252
1678 4261
1678 4326
1678 4332
1678 4338
1678 4348
1687 4153
1687 4224
1695 4153
1695 4172
1695 4222
1704 4298
1704 4339
1704 4344
1705 4120
1710 4132
1710 4261
1712 4132
1733 4261
1733 4363
1737 4091
1737 4116
1759 4089
1774 4165
1775 4132
1782 4132
1785 4132
1790 4141
1790 4344
1796 4089
1796 4298
1802 4344
1805 4082
1805 4110
1805 4311
1805 4344
1807 4311
1819 4089
1819 4127
1819 4181
1819 4202
1819 4307
1819 4311
1819 4338
1819 4340
1819 4344
1819 4348
1819 4363
1826 4222
1827 4082
1827 4110
1827 4165
1827 4184
1827 4202
1827 4212
1827 4307
1827 4311
1827 4348
1839 4202
1860 4091
1860 4164
1860 4307
1860 4321
1881 4311
1895 4257
1895 4311
1901 4311
1907 4082
1907 4089
1907 4110
1907 4127
1907 4132
1907 4143
1907 4206
1907 4311
1907 4326
1907 4344
1907 4361
1907 4381
1907 4383
1910 4202
1910 4247
1915 4311
1917 4164
1917 4187
1917 4288
1917 4307
1917 4328
1917 4332
1924 4143
1924 4311
1924 4321
1925 4189
1925 4344
1925 4378
1926 4104
1926 4147
1926 4164
1926 4165
1926 4184
1926 4187
1926 4212
1926 4330
1926 4350
1926 4361
1928 4089
1928 4225
1928 4340
1936 4202
1937 4311
1955 4311
1957 4121
1957 4175
1957 4184
1957 4195
1957 4249
1968 4285
1970 4285
1972 4311
1972 4338
1975 4082
1975 4089
1975 4094
1976 4153
2014 4106
2014 4147
2014 4154
2014 4172
2014 4175
2014 4184
2014 4202
2014 4235
2014 4247
2014 4252
2014 4285
2014 4307
2014 4311
2014 4339
2014 4340
2014 4363
2016 4311
2016 4344
2021 4187
2021 4206
2021 4361
2025 4202
2025 4338
2025 4339
2027 4094
2027 4132
2027 4184
2027 4261
2027 4344
2027 4361
2027 4383
2030 4154
2030 4169
2030 4184
2030 4189
2030 4261
2030 4298
2030 4326
2030 4338
2030 4383
2047 4143
2047 4311
2047 4344
2048 4363
2065 4172
2065 4311
2077 4144
2077 4288
2077 4328
2081 4212
2083 4172
2104 4085
2104 4089
2104 4091
2104 4094
2104 4120
2104 4143
2104 4154
2104 4187
2104 4225
2104 4249
2104 4326
2104 4334
2104 4344
2104 4361
2104 4363
2104 4378
2104 4381
2118 4082
2118 4154
2118 4311
2118 4338
2121 4202
2121 4206
2121 4334
2124 4311
2130 4110
2130 4212
2130 4344
2130 4348
2143 4202
2147 4247
2150 4366
2152 4207
2152 4233
2152 4311
2152 4344
2161 4085
2165 4189
2166 4082
2166 4085
2166 4089
2166 4094
2166 4110
2166 4111
2166 4120
2166 4121
2166 4144
2166 4154
2166 4164
2166 4169
2166 4172
2166 4175
2166 4181
2166 4187
2166 4189
2166 4224
2166 4225
2166 4229
2166 4247
2166 4257
2166 4288
2166 4298
2166 4307
2166 4311
2166 4319
2166 4326
2166 4328
2166 4338
2166 4339
2166 4340
2166 4344
2166 4349
2166 4350
2166 4374
2166 4378
2166 4381
2167 4110
2177 4121
2177 4202
2177 4235
2177 4344
2186 4104
2186 4212
2186 4224
2186 4311
2188 4184
2188 4344
2190 4363
2192 4311
2193 4143
2197 4311
2200 4094
2200 4153
2200 4154
2200 4184
2200 4233
2200 4247
2200 4307
2200 4338
2200 4344
2215 4202
2216 4235
2216 4311
2217 4104
2217 4141
2217 4202
2217 4311
2238 4082
2238 4089
2238 4110
2238 4311
2238 4334
2241 4311
2241 4321
2241 4338
2242 4202
2242 4212
2243 4082
2243 4085
2243 4094
2243 4110
2243 4111
2243 4120
2243 4132
2243 4169
2243 4172
2243 4181
2243 4189
2243 4194
2243 4195
2243 4224
2243 4225
2243 4288
2243 4350
2243 4374
2245 4106
2245 4147
2245 4321
2245 4344
2245 4361
2251 4091
2251 4104
2251 4106
2251 4144
2251 4154
2251 4165
2251 4187
2251 4189
2251 4233
2251 4330
2251 4332
2251 4338
2251 4339
2251 4348
2251 4361
2251 4363
2251 4378
2251 4381
2258 4326
2262 4091
2262 4202
2262 4340
2267 4106
2267 4359
2269 4082
2269 4089
2269 4091
2269 4094
2269 4106
2269 4110
2269 4111
2269 4120
2269 4127
2269 4143
2269 4144
2269 4147
2269 4153
2269 4154
2269 4165
2269 4169
2269 4181
2269 4184
2269 4189
2269 4202
2269 4206
2269 4212
2269 4224
2269 4229
2269 4247
2269 4252
2269 4257
2269 4298
2269 4311
2269 4321
2269 4326
2269 4330
2269 4334
2269 4338
2269 4339
2269 4340
2269 4344
2269 4363
2269 4378
2269 4381
2270 4082
2270 4089
2270 4127
2270 4311
2270 4339
2270 4340
2272 4307
2272 4344
2274 4110
2274 4120
2274 4165
2274 4169
2274 4202
2274 4338
2275 4257
2277 4339
2277 4344
2280 4082
2280 4089
2280 4257
2283 4082
2283 4091
2283 4181
2285 4334
2285 4361
2287 4184
2287 4307
2287 4328
2287 4334
2287 4344
2302 4202
2308 4224
2309 4144
2313 4202
2313 4207
2313 4361
2313 4383
2315 4120
2318 4202
2323 4089
2323 4239
2323 4311
2323 4361
2327 4261
2327 4339
2327 4361
2335 4104
2335 4106
2335 4206
2336 4089
2336 4106
2336 4147
2336 4212
2336 4311
2339 4249
2351 4110
2351 4202
2351 4207
2351 4249
2351 4307
2351 4311
2351 4321
2351 4338
2351 4366
2354 4143
2360 4363
2366 4311
2366 4344
2374 4311
2380 4120
2380 4206
2380 4340
2380 4344
2397 4202
2397 4224
2397 4311
2397 4334
2397 4338
2399 4089
2399 4172
2412 4094
2412 4110
2412 4120
2412 4169
2412 4181
2412 4224
2412 4381
2421 4184
2426 4127
2426 4326
2439 4202
2442 4187
2443 4106
2443 4127
2443 4154
2443 4181
2443 4311
2461 4091
2463 4082
2467 4187
2478 4094
2483 4311
2491 4082
2491 4089
2491 4094
2491 4110
2491 4111
2491 4141
2491 4334
2491 4344
2492 4344
2495 4082
2495 4089
2495 4094
2495 4110
2495 4111
2495 4116
2495 4120
2495 4127
2495 4143
2495 4164
2495 4169
2495 4172
2495 4181
2495 4184
2495 4189
2495 4202
2495 4206
2495 4212
2495 4229
2495 4235
2495 4257
2495 4298
2495 4307
2495 4311
2495 4321
2495 4326
2495 4338
2495 4344
2495 4348
2495 4378
2504 4326
2504 4328
2504 4344
2504 4348
2510 4082
2510 4143
2510 4184
2510 4206
2510 4334
2510 4344
2510 4366
2510 4383
2516 4175
2519 4106
2519 4143
2519 4147
2519 4172
2521 4106
2521 4311
2526 4094
2527 4147
2528 4110
2528 4181
2528 4311
2528 4334
2528 4338
2533 4184
2533 4332
2533 4334
2533 4344
2543 4311
2543 4339
2544 4143
2545 4311
2545 4344
2549 4143
2549 4202
2549 4206
2549 4249
2549 4252
2549 4326
2549 4338
2549 4339
2551 4089
2551 4311
2552 4132
2552 4165
2552 4181
2552 4311
2552 4361
2582 4311
2591 4202
2595 4202
2595 4222
2595 4339
2599 4106
2599 4120
2599 4143
2599 4184
2599 4189
2599 4311
2599 4344
2599 4378
2613 4110
2613 4344
2639 4172
2639 4288
2641 4187
2662 4311
2662 4340
2680 4184
2680 4187
2680 4224
2680 4247
2680 4249
2680 4257
2680 4261
2680 4298
2680 4311
2680 4326
2680 4338
2680 4344
2680 4348
2680 4363
2681 4339
2692 4147
2698 4116
2698 4224
2698 4233
2707 4089
2707 4172
2707 4363
2715 4181
2724 4311
2724 4321
2726 4110
2726 4311
2735 4202
2739 4106
2739 4120
2739 4184
2739 4206
2739 4319
2739 4321
2739 4344
2740 4344
2750 4381
2751 4165
2751 4307
2752 4225
2754 4206
2771 4343
2776 4311
2776 4359
2784 4184
2784 4361
2788 4202
2793 4106
2793 4147
2793 4202
2793 4344
2795 4328
2797 4154
2799 4082
2799 4110
2799 4169
2799 4181
2799 4189
2799 4257
2799 4275
2799 4311
2799 4321
2799 4326
2799 4338
2802 4328
2807 4338
2807 4340
2807 4344
2812 4222
2812 4319
2815 4143
2815 4311
2815 4344
2817 4288
2818 4153
2818 4164
2818 4165
2818 4202
2818 4224
2818 4225
2818 4229
2818 4257
2818 4292
2818 4328
2818 4349
2823 4089
2825 4172
2826 4184
2826 4257
2826 4344
2826 4383
2828 4082
2829 4344
2830 4110
2830 4154
2830 4169
2830 4233
2830 4311
2838 4082
2838 4094
2838 4110
2838 4181
2838 4257
2838 4298
2838 4311
2838 4338
2838 4348
2838 4378
2839 4089
2839 4094
2839 4326
2839 4332
2839 4349
2845 4257
2845 4261
2848 4285
2854 4153
2854 4202
2854 4311
2856 4089
2856 4147
2857 4094
2857 4106
2857 4120
2857 4143
2857 4144
2857 4153
2857 4154
2857 4165
2857 4169
2857 4184
2857 4206
2857 4212
2857 4229
2857 4235
2857 4328
2857 4338
2857 4344
2857 4348
2857 4359
2857 4378
2859 4082
2859 4089
2859 4091
2859 4094
2859 4106
2859 4110
2859 4111
2859 4120
2859 4127
2859 4132
2859 4143
2859 4147
2859 4154
2859 4169
2859 4175
2859 4181
2859 4184
2859 4189
2859 4206
2859 4224
2859 4233
2859 4252
2859 4257
2859 4261
2859 4298
2859 4307
2859 4311
2859 4314
2859 4321
2859 4326
2859 4328
2859 4330
2859 4332
2859 4334
2859 4338
2859 4339
2859 4340
2859 4344
2859 4348
2859 4378
2859 4381
2859 4383
2862 4082
2862 4094
2862 4104
2862 4127
2862 4143
2862 4233
2862 4338
2862 4344
2863 4082
2863 4089
2863 4094
2863 4110
2863 4116
2863 4120
2863 4143
2863 4147
2863 4153
2863 4154
2863 4165
2863 4169
2863 4181
2863 4184
2863 4189
2863 4202
2863 4212
2863 4298
2863 4311
2863 4326
2863 4334
2863 4344
2863 4348
2863 4378
2865 4082
2865 4089
2866 4082
2866 4089
2866 4094
2866 4106
2866 4110
2866 4111
2866 4120
2866 4127
2866 4141
2866 4143
2866 4153
2866 4165
2866 4169
2866 4172
2866 4184
2866 4195
2866 4202
2866 4229
2866 4257
2866 4311
2866 4319
2866 4326
2866 4338
2866 4344
2867 4082
2867 4189
2867 4224
2867 4225
2867 4252
2867 4326
2867 4328
2867 4330
2867 4359
2868 4311
2868 4319
2869 4091
2869 4120
2869 4127
2869 4143
2869 4164
2869 4184
2869 4202
2869 4206
2869 4233
2869 4247
2869 4330
2869 4338
2869 4378
2870 4143
2870 4225
2872 4363
2873 4094
2873 4169
2873 4189
2875 4233
2886 4144
2886 4184
2886 4224
2886 4257
2886 4340
2887 4110
2887 4344
2891 4207
2891 4326
2891 4363
2898 4285
2900 4127
2900 4154
2900 4202
2900 4311
2900 4321
2900 4338
2900 4339
2900 4340
2900 4344
2900 4348
2900 4361
2900 4381
2912 4120
2912 4344
2915 4187
2915 4202
2915 4340
2915 4383
2920 4224
2945 4169
2945 4181
2951 4359
2956 4110
2956 4165
2956 4202
2956 4206
2956 4344
2956 4363
2956 4381
2958 4091
2958 4094
2958 4224
2968 4091
2968 4106
2968 4143
2968 4153
2968 4164
2968 4165
2968 4172
2968 4202
2968 4257
2968 4321
2968 4359
2968 4363
2973 4292
2973 4307
2973 4339
2979 4326
2980 4154
2980 4298
2982 4202
2986 4187
2991 4082
2991 4089
2991 4091
2991 4094
2991 4104
2991 4106
2991 4127
2991 4143
2991 4147
2991 4181
2991 4184
2991 4189
2991 4257
2991 4311
2991 4326
2991 4340
2991 4344
2991 4348
2992 4104
2992 4110
2992 4111
2999 4344
3003 4202
3003 4311
3003 4338
3003 4381
3006 4127
3006 4172
3006 4249
3006 4321
3006 4348
3006 4381
3008 4202
3013 4091
3013 4104
3013 4147
3013 4229
3013 4247
3013 4257
3013 4307
3013 4311
3013 4314
3013 4330
3013 4332
3013 4338
3013 4339
3013 4340
3013 4344
3013 4378
3014 4091
3014 4104
3014 4106
3014 4116
3014 4143
3014 4144
3014 4147
3014 4153
3014 4165
3014 4172
3014 4184
3014 4187
3014 4206
3014 4207
3014 4212
3014 4224
3014 4229
3014 4233
3014 4247
3014 4257
3014 4292
3014 4307
3014 4314
3014 4321
3014 4330
3014 4332
3014 4344
3014 4359
3014 4361
3015 4091
3015 4184
3015 4339
3026 4224
3028 4116
3028 4257
3028 4261
3028 4344
3028 4381
3030 4082
3030 4110
3030 4111
3035 4187
3036 4089
3036 4110
3036 4154
3036 4189
3036 4224
3036 4249
3036 4252
3036 4257
3036 4326
3036 4334
3036 4338
3036 4344
3036 4348
3036 4363
3036 4378
3036 4381
3039 4169
3049 4195
3057 4224
3057 4229
3057 4257
3057 4307
3057 4338
3057 4344
3057 4385
3058 4321
3058 4363
3076 4311
3081 4089
3081 4252
3081 4261
3081 4311
3081 4326
3081 4378
3082 4363
3087 4106
3095 4143
3095 4172
3096 4311
3105 4224
3112 4328
3118 4189
3124 4165
3125 4127
3125 4202
3125 4224
3125 4247
3125 4261
3125 4311
3125 4321
3125 4334
3125 4339
3125 4340
3125 4348
3126 4121
3126 4132
3126 4202
3126 4207
3126 4224
3126 4235
3126 4247
3126 4252
3126 4288
3126 4298
3126 4311
3126 4314
3126 4334
3126 4338
3126 4339
3126 4340
3126 4343
3126 4361
3126 4363
3128 4229
3128 4381
3129 4298
3129 4321
3129 4363
3130 4082
3130 4089
3130 4094
3130 4106
3130 4110
3130 4120
3130 4147
3130 4169
3130 4184
3130 4189
3130 4233
3130 4344
3132 4127
3132 4143
3140 4252
3140 4298
3140 4383
3145 4094
3145 4111
3145 4202
3145 4307
3145 4334
3145 4340
3145 4344
3156 4089
3156 4311
3156 4348
3156 4359
3159 4257
3159 4326
3159 4338
3159 4340
3167 4224
3173 4233
3173 4311
3173 4326
3173 4334
3173 4344
3173 4348
3177 4237
3182 4132
3183 4292
3186 4229
3189 4350
3211 4106
3211 4202
3214 4340
3214 4344
3217 4104
3217 4153
3217 4181
3217 4224
3219 4311
3222 4172
3244 4089
3244 4110
3244 4247
3244 4311
3244 4363
3245 4233
3247 4202
3247 4252
3247 4298
3251 4110
3251 4143
3251 4224
3251 4247
3251 4330
3255 4147
3259 4106
3259 4348
3259 4381
3266 4339
3272 4120
3272 4127
3272 4143
3272 4153
3272 4165
3272 4169
3272 4212
3272 4330
3272 4344
3281 4363
3285 4106
3300 4154
3300 4202
3300 4224
3300 4307
3300 4321
3300 4326
3300 4334
3300 4338
3300 4339
3300 4340
3300 4344
3300 4378
3300 4381
3301 4184
3304 4106
3304 4143
3304 4307
3304 4344
3305 4104
3305 4143
3305 4165
3305 4169
3305 4189
3305 4206
3305 4311
3305 4332
3305 4344
3309 4082
3309 4089
3309 4091
3309 4094
3309 4104
3309 4106
3309 4110
3309 4111
3309 4116
3309 4120
3309 4147
3309 4153
3309 4169
3309 4175
3309 4181
3309 4184
3309 4206
3309 4212
3309 4224
3309 4233
3309 4307
3309 4330
3309 4332
3309 4334
3309 4359
3310 4187
3310 4225
3310 4292
3310 4328
3310 4374
3316 4094
3323 4106
3323 4143
3323 4206
3323 4311
3325 4143
3330 4089
3330 4094
3330 4147
3330 4169
3330 4181
3330 4184
3330 4334
3330 4338
3330 4344
3331 4311
3333 4110
3333 4116
3333 4143
3333 4154
3333 4165
3333 4184
3333 4187
3333 4311
3333 4326
3333 4339
3336 4094
3336 4110
3336 4111
3337 4089
3337 4094
3337 4110
3337 4127
3337 4169
3337 4181
3337 4298
3337 4311
3337 4326
3337 4338
3337 4348
3341 4147
3341 4194
3341 4348
3352 4089
3352 4106
3352 4143
3352 4153
3352 4154
3352 4184
3352 4206
3352 4311
3352 4344
3352 4348
3352 4363
3360 4363
3379 4233
3381 4127
3381 4154
3381 4363
3381 4378
3381 4381
3387 4120
3387 4202
3387 4298
3387 4338
3387 4348
3394 4089
3394 4099
3394 4120
3394 4153
3394 4344
3395 4120
3406 4187
3409 4187
3418 4334
3421 4224
3423 4311
3424 4363
3433 4169
3437 4082
3437 4164
3437 4334
3438 4106
3438 4110
3438 4143
3442 4082
3442 4094
3442 4110
3442 4111
3442 4120
3442 4132
3442 4169
3442 4189
3442 4233
3442 4249
3442 4344
3444 4165
3444 4184
3444 4202
3444 4229
3444 4344
3444 4363
3445 4111
3445 4169
3452 4169
3473 4334
3477 4307
3481 4120
3481 4154
3481 4169
3481 4184
3481 4321
3481 4326
3490 4089
3490 4120
3490 4344
3492 4202
3492 4311
3492 4348
3493 4222
3499 4116
3499 4132
3500 4085
3500 4106
3500 4127
3500 4143
3500 4144
3500 4147
3500 4153
3500 4154
3500 4164
3500 4184
3500 4202
3500 4206
3500 4212
3500 4224
3500 4233
3500 4247
3500 4307
3500 4311
3500 4321
3500 4332
3500 4334
3500 4338
3500 4339
3500 4344
3500 4348
3500 4363
3500 4378
3500 4381
3505 4311
3505 4338
3509 4311
3509 4363
3519 4094
3523 4104
3523 4120
3523 4212
3523 4311
3526 4321
3529 4082
3532 4350
3536 4127
3536 4143
3536 4154
3536 4184
3536 4206
3536 4224
3536 4252
3536 4257
3536 4298
3536 4311
3536 4334
3536 4338
3536 4340
3536 4344
3536 4361
3536 4378
3536 4381
3537 4089
3538 4127
3538 4169
3538 4175
3538 4311
3538 4314
3538 4344
3538 4381
3546 4164
3546 4383
3552 4089
3569 4311
3587 4082
3587 4181
3590 4224
3591 4091
3592 4307
3596 4164
3596 4225
3596 4328
3597 4169
3600 4082
3600 4089
3600 4094
3600 4110
3600 4111
3600 4116
3600 4120
3600 4121
3600 4165
3600 4169
3600 4288
3600 4307
3600 4311
3600 4319
3600 4321
3600 4332
3600 4334
3601 4082
3601 4089
3601 4169
3602 4144
3607 4120
3607 4237
3607 4238
3607 4257
3607 4311
3613 4143
3613 4224
3617 4307
3626 4175
3636 4189
3637 4106
3637 4121
3637 4127
3637 4153
3637 4165
3637 4169
3637 4189
3637 4202
3637 4206
3637 4233
3637 4344
3637 4363
3637 4381
3640 4311
3641 4165
3641 4224
3641 4298
3641 4311
3642 4202
3653 4082
3653 4089
3653 4094
3653 4169
3657 4172
3659 4110
3659 4141
3664 4085
3664 4144
3666 4143
3668 4089
3668 4154
3668 4184
3668 4202
3668 4374
3675 4120
3675 4344
3676 4106
3676 4127
3676 4154
3676 4206
3676 4247
3676 4249
3676 4257
3676 4298
3676 4321
3676 4326
3676 4339
3676 4348
3676 4363
3676 4378
3676 4381
3676 4383
3679 4298
3681 4147
3681 4184
3681 4334
3684 4082
3684 4110
3684 4111
3685 4339
3685 4344
3690 4144
3690 4147
3690 4233
3690 4311
3690 4344
3698 4110
3701 4112
3706 4085
3706 4104
3706 4143
3706 4233
3706 4307
3708 4154
3708 4261
3708 4334
3708 4361
3711 4153
3729 4202
3731 4082
3731 4089
3731 4104
3731 4106
3731 4143
3731 4154
3731 4165
3731 4181
3731 4187
3731 4206
3731 4224
3731 4252
3731 4257
3731 4307
3731 4321
3731 4330
3731 4332
3731 4350
3731 4363
3740 4106
3744 4120
3745 4106
3745 4132
3745 4154
3745 4165
3745 4169
3745 4171
3745 4175
3745 4181
3745 4184
3745 4204
3745 4237
3745 4252
3745 4344
3745 4348
3745 4363
3745 4381
3750 4344
3751 4106
3751 4339
3751 4340
3751 4344
3755 4361
3755 4378
3760 4344
3762 4082
3762 4094
3762 4116
3762 4153
3762 4165
3762 4172
3762 4212
3762 4321
3762 4332
3762 4359
3768 4082
3768 4089
3768 4094
3768 4110
3768 4127
3768 4229
3768 4237
3768 4298
3768 4307
3768 4311
3768 4338
3768 4339
3768 4348
3769 4202
3773 4132
3789 4344
3790 4089
3790 4189
3792 4106
3792 4127
3792 4143
3792 4154
3792 4202
3792 4224
3792 4338
3792 4339
3792 4344
3792 4348
3797 4106
3797 4143
3797 4202
3797 4212
3797 4332
3797 4348
3798 4106
3798 4169
3798 4181
3798 4189
3798 4338
3798 4344
3802 4082
3802 4094
3802 4110
3802 4111
3802 4120
3802 4169
3803 4181
3816 4143
3817 4147
3817 4169
3817 4233
3817 4257
3817 4326
3824 4082
3824 4187
3824 4343
3824 4344
3830 4094
3830 4106
3830 4165
3830 4202
3830 4212
3830 4340
3830 4359
3830 4363
3833 4202
3840 4143
3840 4359
3840 4363
3849 4121
3849 4202
3849 4212
3849 4344
3849 4349
3849 4350
3852 4085
3852 4106
3852 4165
3852 4172
3852 4202
3852 4224
3852 4309
3852 4332
3852 4344
3853 4184
3867 4116
3867 4165
3867 4169
3867 4332
3867 4359
3868 4164
3868 4184
3868 4344
3872 4132
3872 4285
3872 4363
3875 4132
3878 4091
3878 4106
3878 4127
3878 4147
3878 4175
3878 4184
3878 4224
3878 4225
3878 4233
3878 4247
3878 4328
3878 4344
3878 4378
3878 4385
3882 4106
3882 4127
3882 4143
3882 4189
3882 4206
3882 4207
3882 4247
3882 4257
3882 4307
3882 4332
3882 4338
3882 4339
3882 4378
3883 4082
3883 4127
3883 4229
3883 4252
3883 4257
3883 4298
3883 4311
3883 4326
3883 4338
3883 4378
3893 4361
3896 4321
3896 4363
3899 4082
3899 4094
3899 4154
3899 4189
3899 4363
3905 4143
3906 4132
3910 4094
3910 4110
3910 4120
3910 4181
3922 4225
3931 4104
3931 4106
3931 4154
3931 4257
3931 4344
3931 4361
3932 4298
3933 4082
3933 4089
3933 4091
3933 4094
3933 4106
3933 4110
3933 4111
3933 4116
3933 4120
3933 4127
3933 4143
3933 4147
3933 4154
3933 4164
3933 4165
3933 4169
3933 4181
3933 4187
3933 4189
3933 4206
3933 4233
3933 4298
3933 4326
3933 4330
3933 4334
3933 4338
3933 4339
3933 4344
3933 4348
3933 4359
3947 4165
3947 4307
3955 4206
3955 4307
3959 4120
3965 4120
3967 4132
3967 4181
3967 4249
3967 4261
3967 4311
3967 4339
3967 4378
3967 4383
3970 4082
3970 4089
3970 4328
3974 4082
3974 4085
3974 4089
3974 4094
3974 4110
3974 4120
3974 4121
3974 4132
3974 4154
3974 4165
3974 4169
3974 4172
3974 4175
3974 4181
3974 4184
3974 4189
3974 4224
3974 4239
3974 4251
3974 4252
3974 4257
3974 4288
3974 4298
3974 4311
3974 4322
3974 4340
3974 4344
3974 4349
3974 4378
3974 4381
3983 4082
3983 4089
3983 4094
3983 4165
3983 4169
3983 4181
3983 4206
3983 4212
3983 4307
3983 4311
3983 4344
3985 4094
3985 4120
3985 4132
3985 4257
3985 4344
3986 4082
3986 4089
3986 4091
3986 4094
3986 4104
3986 4106
3986 4110
3986 4116
3986 4120
3986 4127
3986 4143
3986 4144
3986 4147
3986 4153
3986 4154
3986 4165
3986 4169
3986 4181
3986 4184
3986 4189
3986 4202
3986 4206
3986 4212
3986 4233
3986 4257
3986 4298
3986 4307
3986 4311
3986 4321
3986 4326
3986 4328
3986 4330
3986 4332
3986 4334
3986 4344
3986 4348
3986 4359
3986 4378
3986 4381
3992 4106
3992 4110
3992 4120
3992 4169
3992 4175
3992 4189
3992 4348
3994 4089
3994 4175
3998 4143
3999 4153
3999 4326
4000 4082
4000 4089
4000 4099
4000 4120
4000 4202
4000 4252
4000 4340
4000 4344
4005 4082
4005 4094
4005 4143
4005 4307
4005 4344
4008 4120
4009 4164
4013 4120
4013 4121
4013 4147
4013 4153
4013 4154
4013 4164
4013 4169
4013 4172
4013 4187
4013 4189
4013 4202
4013 4212
4013 4307
4013 4328
4013 4344
4013 4363
4015 4111
4015 4172
4015 4311
4015 4344
4016 4110
4016 4120
4016 4154
4016 4234
4016 4249
4016 4338
4016 4363
4017 4110
4017 4181
4017 4189
4019 4202
4019 4222
4019 4378
4021 4224
4021 4338
4022 4164
4023 4089
4023 4132
4023 4381
4024 4202
4027 4110
4027 4143
4027 4169
4027 4266
4027 4279
4027 4321
4027 4326
4027 4338
4027 4339
4027 4348
4028 4104
4028 4116
4028 4143
4028 4144
4028 4147
4028 4153
4028 4172
4028 4187
4028 4202
4028 4206
4028 4207
4028 4233
4028 4257
4028 4307
4028 4314
4028 4321
4028 4332
4028 4361
4028 4366
4031 4202
4032 4127
4032 4252
4032 4326
4032 4338
4032 4344
4038 4106
4038 4229
4042 4082
4047 4187
4048 4110
4048 4339
4048 4363
4051 4206
4055 4328
4062 4085
4062 4339
4062 4340
4064 4085
4064 4106
4069 4110
4069 4261
4070 4089
4070 4104
4070 4106
4070 4110
4070 4120
4070 4121
4070 4143
4070 4153
4070 4154
4070 4164
4070 4165
4070 4169
4070 4175
4070 4184
4070 4202
4070 4206
4070 4207
4070 4212
4070 4225
4070 4233
4070 4252
4070 4279
4070 4299
4070 4307
4070 4330
4070 4332
4070 4338
4070 4340
4070 4344
4070 4350
4070 4373
4070 4378
4071 4085
4076 4082
4077 4082
4078 4082
4079 4082
4079 4206
4080 4082
4080 4344
4081 4082
4084 4089
4085 4089
4085 4252
4085 4311
4086 4089
4087 4089
4088 4189
4090 4091
4090 4094
4090 4147
4090 4153
4090 4172
4090 4202
4090 4224
4090 4363
4091 4094
4091 4121
4091 4143
4091 4349
4092 4094
4093 4094
4094 4091
4094 4311
4094 4344
4096 4106
4096 4110
4096 4111
4096 4120
4096 4132
4096 4141
4096 4143
4096 4147
4096 4169
4096 4172
4096 4175
4096 4181
4096 4206
4096 4207
4096 4233
4096 4249
4096 4252
4096 4257
4096 4261
4096 4298
4096 4311
4096 4314
4096 4321
4096 4326
4096 4332
4096 4343
4096 4366
4097 4110
4102 4344
4103 4110
4103 4111
4103 4120
4103 4169
4103 4181
4103 4348
4104 4110
4104 4233
4105 4110
4106 4110
4106 4143
4106 4147
4106 4184
4106 4338
4106 4344
4106 4350
4107 4110
4108 4110
4108 4143
4108 4334
4109 4110
4109 4120
4114 4120
4115 4120
4115 4147
4116 4120
4116 4153
4116 4189
4116 4212
4116 4229
4116 4343
4117 4120
4118 4120
4122 4202
4122 4344
4123 4326
4124 4169
4124 4175
4125 4153
4125 4330
4126 4132
4127 4132
4127 4189
4127 4298
4127 4326
4128 4132
4129 4132
4130 4132
4130 4172
4130 4298
4130 4339
4130 4378
4131 4132
4133 4132
4134 4132
4135 4085
4135 4132
4136 4153
4136 4154
4136 4206
4136 4344
4137 4143
4137 4344
4138 4144
4138 4164
4138 4172
4138 4187
4138 4222
4138 4292
4138 4307
4138 4319
4138 4349
4138 4363
4138 4374
4139 4165
4140 4154
4140 4344
4141 4091
4141 4106
4141 4127
4141 4147
4141 4154
4141 4184
4141 4207
4141 4233
4141 4251
4141 4298
4141 4321
4141 4322
4141 4326
4141 4338
4141 4340
4141 4344
4141 4348
4141 4363
4141 4378
4141 4381
4142 4106
4142 4116
4142 4143
4142 4144
4142 4153
4142 4195
4142 4202
4142 4206
4142 4321
4142 4330
4142 4332
4142 4343
4143 4085
4144 4091
4144 4104
4144 4143
4144 4153
4144 4165
4144 4172
4144 4184
4144 4187
4144 4202
4144 4207
4144 4224
4144 4257
4144 4307
4144 4321
4144 4330
4144 4332
4144 4334
4144 4340
4144 4344
4144 4381
4145 4106
4145 4147
4145 4184
4145 4334
4145 4340
4145 4344
4145 4361
4146 4153
4146 4202
4146 4344
4146 4363
4147 4106
4147 4206
4147 4207
4149 4127
4149 4154
4149 4257
4149 4298
4149 4311
4149 4326
4149 4338
4149 4344
4149 4348
4149 4378
4149 4381
4150 4106
4150 4143
4150 4153
4150 4165
4150 4202
4150 4229
4150 4288
4150 4332
4150 4344
4150 4359
4152 4106
4152 4233
4152 4247
4152 4343
4152 4344
4152 4361
4153 4116
4153 4144
4153 4154
4153 4164
4153 4165
4153 4184
4153 4202
4153 4207
4153 4212
4153 4224
4153 4334
4153 4340
4153 4344
4153 4359
4153 4378
4153 4381
4154 4085
4154 4091
4154 4104
4154 4106
4154 4116
4154 4127
4154 4143
4154 4147
4154 4165
4154 4184
4154 4187
4154 4206
4154 4224
4154 4225
4154 4233
4154 4247
4154 4252
4154 4257
4154 4298
4154 4307
4154 4311
4154 4321
4154 4326
4154 4330
4154 4334
4154 4338
4154 4344
4154 4348
4154 4350
4154 4366
4154 4378
4154 4381
4155 4106
4155 4127
4155 4147
4155 4154
4155 4257
4155 4298
4155 4311
4155 4321
4155 4326
4155 4340
4155 4344
4155 4348
4155 4378
4156 4298
4158 4153
4158 4361
4159 4143
4159 4169
4159 4343
4160 4169
4161 4143
4161 4169
4161 4202
4161 4225
4162 4169
4163 4106
4163 4169
4164 4165
4164 4169
4164 4344
4165 4169
4165 4175
4165 4311
4165 4348
4165 4349
4166 4169
4166 4288
4166 4311
4166 4344
4167 4169
4168 4165
4168 4169
4168 4348
4170 4165
4170 4187
4173 4175
4174 4175
4175 4165
4176 4106
4176 4143
4176 4307
4176 4344
4177 4181
4178 4181
4179 4181
4180 4181
4181 4359
4182 4185
4183 4185
4184 4106
4184 4206
4187 4189
4187 4224
4187 4326
4188 4189
4190 4194
4191 4194
4192 4194
4192 4326
4193 4194
4195 4147
4195 4298
4200 4201
4202 4143
4202 4247
4202 4311
4206 4106
4206 4143
4206 4165
4206 4202
4206 4233
4206 4307
4206 4344
4207 4147
4207 4184
4207 4235
4207 4247
4207 4334
4207 4338
4207 4340
4207 4361
4207 4373
4208 4348
4212 4202
4212 4229
4213 4172
4217 4224
4218 4224
4219 4224
4219 4338
4220 4224
4221 4224
4221 4311
4222 4127
4222 4154
4222 4224
4222 4339
4222 4378
4223 4224
4223 4257
4225 4187
4229 4164
4229 4172
4229 4247
4229 4378
4230 4127
4230 4249
4233 4104
4233 4153
4233 4212
4233 4307
4233 4340
4233 4344
4233 4359
4240 4154
4240 4235
4241 4127
4241 4311
4241 4363
4244 4116
4244 4344
4245 4202
4245 4251
4245 4252
4245 4344
4245 4383
4246 4164
4247 4154
4247 4202
4247 4233
4247 4338
4247 4363
4250 4249
4250 4252
4250 4298
4253 4252
4254 4257
4254 4311
4254 4344
4256 4233
4256 4338
4256 4340
4258 4261
4259 4261
4260 4106
4260 4363
4262 4085
4262 4344
4265 4321
4269 4269
4273 4106
4273 4298
4273 4326
4277 4344
4280 4285
4281 4285
4282 4285
4283 4285
4284 4285
4288 4328
4289 4298
4290 4298
4291 4127
4291 4147
4291 4154
4291 4326
4291 4338
4291 4381
4296 4298
4296 4321
4297 4143
4297 4344
4301 4165
4301 4233
4302 4311
4303 4311
4304 4311
4305 4143
4305 4311
4306 4311
4307 4165
4307 4202
4310 4229
4312 4313
4315 4316
4317 4321
4318 4233
4318 4321
4319 4321
4320 4321
4321 4144
4321 4165
4321 4212
4323 4143
4323 4206
4323 4247
4323 4257
4323 4326
4323 4344
4324 4326
4325 4326
4326 4202
4328 4288
4330 4106
4330 4147
4332 4116
4332 4247
4334 4225
4334 4247
4334 4330
4334 4338
4334 4361
4335 4165
4335 4225
4335 4247
4335 4334
4335 4338
4335 4349
4336 4338
4337 4187
4339 4184
4340 4339
4340 4344
4341 4127
4341 4361
4343 4206
4343 4233
4345 4348
4346 4348
4351 4363
4351 4381
4351 4386
4352 4127
4352 4339
4353 4127
4354 4363
4358 4381
4359 4147
4359 4340
4361 4154
4361 4334
4363 4143
4363 4344
4364 4143
4364 4363
4366 4206
4366 4374
4373 4339
4374 4339
4376 4233
4376 4378
4377 4378
4379 4381
4380 4381
4382 4383
4388 4222
4396 4085
4396 4104
4396 4116
4396 4121
4396 4143
4396 4144
4396 4153
4396 4164
4396 4165
4396 4172
4396 4187
4396 4195
4396 4202
4396 4206
4396 4212
4396 4224
4396 4225
4396 4229
4396 4233
4396 4257
4396 4288
4396 4292
4396 4299
4396 4307
4396 4309
4396 4321
4396 4332
4396 4344
4396 4349
4396 4350
4396 4359
4396 4363
4396 4374
4398 4202
4401 4225
4401 4349
4402 4091
4402 4104
4402 4106
4402 4116
4402 4143
4402 4144
4402 4153
4402 4164
4402 4172
4402 4184
4402 4187
4402 4202
4402 4206
4402 4212
4402 4224
4402 4229
4402 4233
4402 4247
4402 4257
4402 4292
4402 4307
4402 4321
4402 4330
4402 4340
4402 4344
4402 4359
4402 4366
4403 4202
4403 4229
4404 4143
4404 4344
4409 4344
4411 4085
4411 4091
4411 4104
4411 4106
4411 4143
4411 4147
4411 4164
4411 4165
4411 4187
4411 4206
4411 4212
4411 4229
4411 4321
4411 4330
4412 4374
4414 4363
4415 4143
4415 4363
4416 4143
4416 4363
4417 4344
4417 4363
4418 4363
4419 4085
4419 4143
4419 4187
4419 4257
4419 4363
4423 4154
4425 4153
4425 4154
4426 4154
4436 4116
4436 4165
4436 4224
4436 4292
4436 4328
4436 4332
4436 4359
4438 4202
4438 4247
4439 4187
4439 4344
4441 4202
4441 4366
4445 4091
4445 4344
4450 4184
4452 4247
4452 4334
4452 4344
4454 4233
4454 4257
4458 4184
4458 4257
4461 4307
4462 4187
4463 4344
4465 4247
4465 4334
4466 4247
4467 4247
4468 4340
4469 4104
4469 4143
4469 4202
4469 4206
4469 4207
4474 4340
4477 4332
4480 4106
4480 4233
4484 4091
4484 4164
4484 4165
4484 4202
4484 4212
4484 4225
4486 4202
4487 4187
4491 4147
4496 4143
4499 4344
4504 4141
4504 4147
4508 4106
4508 4207
4508 4233
4508 4330
4508 4334
4508 4343
4508 4361
4509 4224
4512 4104
4512 4143
4512 4165
4512 4187
4512 4202
4512 4330
4512 4332
4512 4359
4512 4366
4513 4106
4513 4143
4513 4147
4513 4153
4513 4164
4513 4165
4513 4172
4513 4184
4513 4187
4513 4202
4513 4206
4513 4212
4513 4224
4513 4229
4513 4233
4513 4247
4513 4321
4513 4332
4513 4343
4513 4359
4513 4363
4515 4172
4515 4340
4516 4340
4518 4233
4519 4106
4519 4344
4520 4202
4520 4344
4521 4116
4521 4344
4522 4344
4523 4344
4524 4344
4525 4344
4526 4165
4526 4184
4526 4344
4529 4207
4530 4206
4531 4207
4538 4207
4539 4172
4539 4202
4539 4206
4539 4207
4540 4202
4540 4233
4540 4247
4545 4343
4546 4330
4554 4184
4554 4235
4560 4143
4560 4206
4561 4106
4561 4184
4562 4143
4562 4184
4564 4224
4565 4224
4565 4229
4567 4224
4570 4334
4571 4143
4575 4091
4575 4144
4575 4147
4575 4233
4580 4091
4580 4104
4580 4116
4580 4143
4580 4144
4580 4165
4580 4202
4580 4206
4580 4212
4580 4224
4580 4229
4580 4247
4580 4307
4580 4349
4580 4363
4583 4165
4583 4332
4584 4085
4584 4144
4584 4164
4584 4172
4584 4187
4584 4328
4584 4349
4584 4350
4586 4085
4586 4116
4586 4121
4586 4144
4586 4153
4586 4164
4586 4165
4586 4172
4586 4202
4586 4212
4586 4224
4586 4225
4586 4292
4586 4307
4586 4328
4586 4350
4586 4359
4586 4374
4589 4321
4589 4359
4590 4187
4590 4225
4591 4292
4592 4165
4594 4187
4594 4202
4595 4116
4595 4172
4595 4229
4596 4165
4596 4229
4596 4314
4596 4321
4598 4085
4598 4153
4598 4165
4598 4202
4598 4206
4598 4224
4598 4328
4600 4212
4600 4247
4600 4321
4601 4202
4602 4143
4602 4187
4602 4206
4602 4212
4602 4229
4602 4247
4602 4257
4602 4321
4603 4116
4603 4143
4603 4202
4603 4212
4603 4233
4603 4288
4603 4343
4606 4143
4606 4153
4606 4164
4606 4172
4606 4202
4606 4225
4606 4319
4606 4328
4606 4350
4607 4202
4608 4147
4608 4229
4609 4106
4609 4202
4609 4307
4611 4106
4611 4206
4611 4233
4611 4314
4619 4153
4619 4172
4619 4202
4619 4206
4619 4233
4619 4332
4619 4343
4620 4235
4621 4235
4629 4106
4629 4361
4631 4091
4631 4153
4631 4165
4631 4212
4631 4247
4632 4195
4634 4361
4635 4153
4635 4202
4639 4361
4640 4143
4640 4147
4640 4202
4640 4206
4640 4212
4640 4229
4640 4343
4641 4225
4641 4288
4642 4106
4642 4343
4642 4361
4643 4361
4644 4361
4645 4361
4646 4106
4646 4233
4646 4361
4647 4361
4649 4106
4657 4147
4659 4106
4659 4343
4660 4106
4661 4106
4662 4233
4663 4233
4664 4233
4666 4257
4668 4147
4672 4091
4676 4172
4677 4195
4679 4104
4679 4202
4679 4330
4679 4359
4679 4366
4680 4202
4681 4172
4681 4212
4681 4330
4682 4143
4687 4202
4691 4147
4695 4147
4696 4366
4699 4153
4701 4202
4702 4257
4705 4207
4710 4359
4713 4187
4726 4116
4726 4121
4726 4144
4726 4172
4726 4202
4726 4212
4726 4307
4726 4332
4727 4202
4729 4104
4731 4363
4732 4202
4733 4091
4742 4143
4742 4206
4745 4332
4745 4359
4746 4257
4752 4121
4752 4164
4756 4153
4760 4091
4760 4104
4760 4172
4760 4206
4760 4330
4761 4363
4782 4144
4782 4172
4782 4319
4786 4195
4786 4319
4787 4091
4788 4091
4789 4091
4789 4104
4789 4143
4789 4206
4789 4330
4798 4104
4798 4321
4800 4164
4805 4104
4805 4330
4811 4366
4818 4206
4818 4307
4821 4165
4822 4104
4822 4330
4823 4104
4823 4202
4823 4321
4824 4104
4831 4143
4836 4330
4837 4330
4838 4307
4839 4307
4839 4332
4840 4307
4848 4153
4870 4143
4870 4206
4875 4202
4881 4172
4881 4212
4884 4143
4884 4202
4884 4292
4884 4359
4885 4202
4885 4206
4886 4206
4887 4202
4887 4206
4893 4207
4895 4314
4898 4143
4898 4225
4898 4349
4900 4202
4900 4363
4901 4349
4903 4143
4904 4143
4904 4187
4904 4257
4912 4257
4912 4321
4919 4153
4919 4165
4920 4153
4920 4172
4920 4187
4920 4202
4923 4164
4923 4225
4923 4257
4924 4257
4925 4321
4926 4321
4927 4321
4934 4202
4935 4164
4938 4116
4938 4153
4938 4164
4938 4172
4938 4202
4938 4212
4938 4224
4938 4247
4938 4307
4938 4359
4941 4187
4943 4172
4944 4164
4947 4165
4947 4187
4947 4202
4947 4328
4948 4165
4949 4165
4949 4202
4950 4165
4951 4153
4951 4164
4951 4172
4951 4202
4951 4229
4951 4359
4961 4229
4962 4225
4968 4153
4968 4164
4968 4202
4968 4229
4969 4292
4969 4363
4975 4224
4975 4247
5003 4172
5003 4229
5007 4332
5016 4172
5016 4187
5016 4202
5016 4247
5029 4212
5031 4144
5031 4153
5036 4202
5045 4202
5045 4212
5048 4202
5051 4202
5051 4212
5051 4225
5051 4307
5051 4328
5053 4172
5053 4202
5059 4187
5059 4202
5065 4202
5068 4359
5070 4116
5071 4116
5072 4116
5073 4116
5074 4144
5074 4202
5074 4292
5074 4349
5079 4359
5081 4164
5085 4202
5085 4247
5086 4121
5108 4202
5108 4229
5111 4164
5112 4164
5112 4187
5112 4307
5114 4202
5114 4319
5114 4349
5124 4202
5137 4229
5138 4085
5138 4121
5138 4164
5138 4288
5138 4319
5138 4349
5138 4350
5149 4153
5149 4202
5153 4292
5155 4121
5155 4164
5155 4224
5155 4229
5155 4247
5155 4307
5155 4328
5156 4374
5158 4144
5158 4172
5158 4187
5158 4195
5158 4328
5158 4349
5159 4187
5159 4307
5159 4319
5159 4328
5159 4349
5160 4224
5160 4229
5160 4292
5160 4307
5160 4328
5160 4363
5162 4224
5162 4225
5162 4307
5162 4328
5162 4349
5173 4202
5174 4202
5175 4202
5176 4202
5177 4202
5178 4202
5179 4202
5180 4202
5181 4202
5182 4202
5183 4202
5184 4202
5186 4203
5191 4224
5191 4349
5206 4224
5216 4172
5221 4164
5221 4187
5221 4225
5221 4247
5221 4307
5221 4319
5221 4328
5239 4247
5253 4328
5259 4164
5259 4247
5259 4328
5261 4121
5264 4363
5269 4164
5272 4164
5292 4224
5300 4307
5306 4172
5330 4225
5337 4307
5339 4224
5346 4172
5346 4288
5348 4224
5348 4225
5349 4363
5350 4164
5350 4224
5350 4307
5350 4328
5350 4363
5351 4121
5351 4144
5351 4164
5351 4172
5351 4187
5351 4224
5351 4288
5351 4307
5351 4328
5351 4349
5351 4350
5351 4363
5351 4374
5352 4363
5353 4363
5354 4363
5355 4363
5356 4363
5359 4292
5360 4225
5362 4144
5362 4350
5365 4225
5372 4307
5376 4328
5380 4144
5380 4225
5380 4319
5393 4164
5397 4187
5404 4164
5404 4224
5405 4164
5405 4350
5406 4328
5417 4172
5433 4085
5433 4350
5438 4085
5438 4121
5438 4172
5452 4288
5454 4121
5455 4349
5456 4085
5456 4121
5456 4144
5456 4172
5456 4195
5456 4288
5456 4319
5456 4350
5458 4085
5458 4121
5458 4350
5460 4164
5460 4187
5460 4225
5460 4307
5460 4319
5460 4349
5460 4350
5461 4172
5461 4288
5462 4374
5463 4085
5463 4121
5463 4225
5463 4349
5464 4121
5465 4225
5465 4350
5477 4164
5477 4172
5477 4224
5481 4085
5481 4172
5481 4195
5481 4225
5481 4288
5481 4307
5481 4328
5485 4172
5485 4225
5490 4224
5491 4292
5491 4328
5494 4307
5494 4328
5498 4292
5501 4350
5509 4292
5562 4224
5563 4224
5578 4307
5587 4121
5587 4225
5587 4349
5592 4374
5608 4328
5618 4085
5618 4187
5618 4350
5620 4288
5620 4328
5621 4328
5622 4288
5622 4328
5623 4328
5624 4328
5625 4328
5627 4121
5627 4144
5627 4164
5627 4195
5628 4164
5639 4164
5642 4164
5643 4164
5647 4172
5659 4121
5665 4187
5672 4349
5673 4225
5676 4187
5678 4288
5682 4144
5682 4172
5682 4195
5682 4350
5684 4288
5692 4085
5717 4288
5745 4319
5753 4225
5754 4225
5755 4225
5779 4319
5785 4349
5789 4085
5791 4085
5791 4288
5802 4319
5802 4350
5806 4172
5809 4144
5809 4350
5816 4349
5824 4144
5847 4085
5847 4288
5855 4144
5877 4195
5879 4195
5885 4121
5888 4144
5889 4121
5912 4288
5915 4085
5915 4144
5915 4172
5935 4085
5941 4085
5941 4172
5973 4085
5973 4288
5985 4085
5999 4172
5999 4195
6000 4288
6024 4144
6025 4144
6027 4172
6037 4085
6041 4350
6048 4085
6048 4172
6055 4085
6056 4085
6057 4085
6077 4172
6093 4288
6094 4288
6095 4288
6098 4288
6100 4288
6107 4172
6108 4172
6109 4172
6110 4172
6144 4288
6162 4195
6216 4288
6217 4288
6218 4288
