8 2830
8 2839
8 2849
8 2854
8 2855
8 2857
8 2862
8 2863
8 2864
8 2868
8 2873
8 2874
8 2888
8 2922
8 2928
8 2946
8 2950
8 2956
8 2986
8 2992
8 3003
8 3007
8 3016
8 3020
8 3030
8 3031
8 3046
8 3092
8 3099
8 3126
8 3134
11 2950
12 3099
17 2866
17 2991
21 2842
21 2854
21 2855
21 2857
21 2862
21 2866
21 2868
21 2883
21 2928
21 2956
21 2968
21 2986
21 3015
21 3030
21 3031
21 3092
21 3128
21 3134
24 2866
24 2928
24 3015
26 3015
26 3072
26 3075
33 2830
33 2855
33 2864
33 2866
33 2888
33 2895
33 2928
33 2950
33 2968
33 3046
34 2866
39 2842
43 2850
43 2903
44 3075
50 2956
50 3020
56 2842
63 2874
63 3046
63 3137
65 2850
65 2854
65 2855
65 2864
65 2869
65 2883
65 2895
65 2900
65 2968
65 2986
65 2991
65 3006
65 3007
65 3015
65 3031
65 3057
66 2922
66 3007
66 3134
67 2900
67 2986
78 2855
78 2922
78 2928
79 2855
79 2870
79 2874
79 2883
80 2839
81 2850
92 2928
98 2869
98 2991
98 3006
98 3096
98 3128
101 2895
101 2928
101 2968
104 2829
104 2839
104 2850
104 2854
104 2855
104 2863
104 2866
104 2868
104 2888
104 2895
104 2913
104 2928
104 2956
104 2962
104 2969
104 2992
104 3007
104 3016
104 3031
108 2855
108 2866
108 2969
108 3046
109 3046
120 3003
120 3137
122 3015
122 3126
123 2956
128 2869
130 2903
137 2869
137 2950
137 3020
142 2842
142 2850
142 2883
142 2895
142 2903
142 2910
142 2922
142 2962
142 2969
142 2991
142 3038
143 2842
143 2855
143 2862
143 2866
143 2928
143 3015
147 3006
149 2888
149 2955
149 2969
149 3047
151 2928
151 3126
175 3006
218 3079
220 2969
221 3046
229 3020
237 2842
238 2865
238 3007
247 3007
247 3077
251 2839
251 2842
251 2864
251 2888
251 2922
251 2928
251 2950
251 2955
251 3046
253 2855
253 2883
253 2950
255 2842
255 2845
255 2874
255 2883
255 2895
255 3006
255 3015
255 3034
256 2842
256 2855
256 2866
256 2869
258 2866
264 2928
264 2986
264 3015
264 3057
264 3092
264 3096
264 3130
290 2928
310 2866
310 3016
310 3099
310 3130
321 2888
321 2922
321 2928
321 2992
332 3006
335 3128
342 2869
342 3046
343 3003
344 2962
344 3016
368 2842
368 2845
368 2857
368 2888
368 3007
368 3046
368 3130
368 3137
387 3099
388 2830
388 2839
388 2842
388 2854
388 2855
388 2857
388 2864
388 2866
388 2869
388 2873
388 2874
388 2887
388 2891
388 2900
388 2922
388 2928
388 2946
388 2950
388 2956
388 2968
388 2991
388 2992
388 3006
388 3015
388 3030
388 3031
388 3046
388 3057
388 3077
388 3079
388 3099
388 3130
388 3137
393 2950
393 3072
395 2842
411 2883
432 3134
441 2869
442 2887
442 2950
442 2991
442 3020
448 2842
451 2842
451 2854
451 2868
451 2928
451 3031
475 3034
477 2870
477 2874
477 2946
494 2842
494 2855
494 2868
494 2956
521 2986
522 2866
522 2943
522 3130
522 3137
523 2895
531 3137
545 3099
548 2862
548 2866
548 3007
548 3031
550 2842
552 2839
565 3075
566 2829
567 2866
572 2839
572 2855
572 2986
572 3046
574 2829
574 2866
574 2900
574 3003
574 3007
580 2883
580 3046
584 2883
585 2866
585 2928
595 2842
595 2850
595 2855
595 2888
595 3046
595 3130
597 2839
600 2849
610 2862
610 2868
610 2956
610 3003
610 3079
610 3128
614 2870
614 2874
614 2956
620 2845
620 2850
620 2928
620 2986
620 3006
627 2883
627 2969
627 3046
631 2829
631 2922
631 3034
631 3057
631 3096
634 2829
634 2830
634 2842
634 2845
634 2849
634 2855
634 2857
634 2862
634 2863
634 2864
634 2865
634 2866
634 2868
634 2870
634 2874
634 2883
634 2895
634 2900
634 2910
634 2928
634 2946
634 2950
634 2962
634 2968
634 2969
634 2986
634 2991
634 2992
634 3003
634 3006
634 3007
634 3015
634 3016
634 3034
634 3057
634 3075
634 3077
634 3079
634 3092
634 3096
634 3126
634 3128
634 3130
634 3137
637 2842
637 2887
637 2888
637 3099
651 2895
651 2956
651 2969
651 2992
651 3003
651 3020
651 3031
651 3046
651 3075
656 2845
656 2849
656 2857
656 2862
656 2866
656 2868
656 2870
656 2900
656 2928
656 2968
656 2986
656 3003
656 3034
656 3092
664 2854
664 2956
664 3030
664 3031
670 2850
671 2850
671 2855
671 3134
678 2830
678 2839
678 2849
678 2883
678 2895
678 2913
678 2928
678 2962
678 2969
678 2992
678 3020
678 3077
678 3092
687 2928
687 3092
690 2857
690 2866
690 2883
690 2928
690 2950
690 2956
690 2969
690 2991
690 3003
690 3007
690 3020
690 3030
690 3092
690 3130
690 3134
691 2842
691 2883
691 2895
691 2903
691 2910
697 2888
699 2910
702 3034
714 2829
714 2854
714 2866
716 2875
716 3046
720 3046
724 2829
724 2943
731 2969
736 2830
736 2854
736 2855
736 2857
736 2863
736 2864
736 2866
736 2910
736 2928
736 2956
736 2986
736 3007
736 3020
736 3031
736 3046
751 2900
782 3130
789 2883
792 2839
793 2866
793 2992
799 2849
805 2866
806 2883
807 3006
809 2866
816 2855
816 2962
816 2969
816 3111
823 2992
827 2866
829 2839
829 2842
829 2854
829 2864
829 2883
829 2888
829 2895
829 2922
829 2928
829 2932
829 2946
829 2962
829 3016
829 3038
829 3046
829 3047
829 3134
829 3138
834 2928
834 3134
835 2922
835 2928
837 2829
837 2842
837 2866
837 2887
837 2895
837 2943
837 2946
837 2950
837 3130
840 2968
846 2956
849 2922
860 2842
860 2849
860 3092
867 3020
868 2969
868 3126
870 3046
876 2845
876 2968
883 2887
886 2854
886 2888
889 2943
894 2830
894 2839
894 2922
894 3016
895 2866
895 2956
896 3137
903 3006
903 3128
904 3020
923 2829
923 2855
923 2866
923 2943
923 2950
923 2962
924 2842
924 2850
924 2869
924 2883
924 2895
924 2922
924 2962
924 3079
939 2883
939 3130
941 2839
941 2895
943 3099
947 2830
947 2849
947 2854
947 2855
947 2857
947 2862
947 2863
947 2864
947 2865
947 2866
947 2868
947 2870
947 2874
947 2900
947 2928
947 2946
947 2956
947 2968
947 2986
947 2992
947 3007
947 3015
947 3016
947 3030
947 3031
947 3034
947 3057
947 3077
947 3092
947 3126
947 3130
950 2928
950 2992
950 3015
950 3092
950 3130
955 3046
960 2888
963 2855
963 2862
963 2866
963 2883
963 2888
963 2895
963 2900
963 2928
963 3015
963 3046
963 3079
963 3096
963 3128
963 3130
974 2842
974 2849
974 2854
974 2862
974 2864
974 2866
974 2870
974 2883
974 2887
974 2888
974 2895
974 2900
974 2928
974 2929
974 2943
974 2968
974 2986
974 2992
974 3003
974 3007
974 3015
974 3020
974 3130
974 3137
975 2842
975 3020
976 3030
977 2842
985 2855
988 2855
988 2863
988 2865
988 3007
989 2855
1000 3016
1004 2866
1008 2849
1008 2857
1008 2862
1008 2868
1008 2928
1014 2866
1014 2887
1014 2928
1014 2946
1014 2962
1014 2968
1014 2969
1014 3006
1014 3038
1015 3075
1038 3099
1039 2992
1043 3099
1043 3134
1049 2829
1049 2864
1049 2883
1049 2928
1050 2950
1053 2829
1053 2855
1053 2866
1059 2842
1059 2850
1059 2883
1059 2895
1059 2903
1059 2922
1059 3046
1061 3099
1064 2866
1064 3134
1079 2864
1079 2866
1079 2874
1079 2928
1079 3015
1079 3046
1081 2883
1086 2928
1087 3099
1087 3134
1094 2839
1094 2842
1094 2850
1094 2883
1094 2888
1094 2895
1094 2903
1094 2910
1094 2922
1094 2932
1094 2962
1094 2969
1094 3046
1094 3134
1095 2839
1095 3046
1107 2883
1107 3020
1107 3079
1107 3099
1107 3126
1118 3099
1122 2869
1123 3128
1135 3099
1138 2842
1138 2868
1149 2913
1153 2829
1153 2842
1153 2845
1153 2850
1153 2866
1153 2922
1153 2943
1153 3003
1153 3079
1153 3096
1156 3099
1160 2928
1160 3006
1160 3092
1160 3099
1161 2888
1163 2895
1163 2928
1163 2969
1164 2854
1169 3099
1174 2839
1195 2842
1195 2883
1195 2895
1195 2910
1200 2863
1232 3092
1237 2866
1242 3034
1243 3016
1245 2829
1245 2862
1245 2866
1245 2868
1245 2883
1245 2900
1245 2928
1245 2986
1245 2991
1246 2866
1248 2842
1248 2883
1248 3046
1255 3099
1259 2842
1259 2850
1259 2883
1259 2895
1262 2928
1262 2956
1262 3016
1266 2842
1266 2866
1266 2883
1266 2895
1266 2950
1266 2968
1268 2866
1270 2888
1270 2992
1288 2839
1288 3099
1289 2839
1289 2883
1289 2888
1289 3038
1289 3134
1291 2883
1302 2849
1302 2854
1302 2864
1302 2956
1303 2962
1303 3099
1307 2845
1307 2855
1307 2866
1307 2870
1307 2873
1307 2900
1307 2928
1307 2943
1307 2968
1307 3006
1307 3016
1307 3137
1310 2829
1310 2839
1310 2842
1310 2854
1310 2855
1310 2863
1310 2864
1310 2866
1310 2869
1310 2873
1310 2883
1310 2888
1310 2895
1310 2900
1310 2922
1310 2928
1310 2950
1310 2956
1310 2962
1310 2969
1310 2992
1310 3003
1310 3006
1310 3015
1310 3020
1310 3031
1310 3046
1310 3057
1310 3075
1310 3099
1310 3126
1310 3130
1310 3134
1311 3020
1311 3030
1311 3134
1313 2986
1314 2956
1324 3099
1326 2928
1326 3092
1330 2883
1339 2895
1339 3020
1341 2883
1351 2950
1362 2830
1362 2850
1362 2869
1362 2913
1362 2950
1362 3130
1367 2855
1368 3046
1375 2866
1375 2956
1375 3016
1376 3046
1376 3128
1377 2962
1377 3006
1379 3020
1391 2845
1391 3003
1391 3046
1391 3128
1398 2969
1412 2842
1412 2855
1412 2857
1412 2866
1412 3007
1412 3016
1417 2857
1417 2928
1417 3130
1437 2928
1440 2895
1440 2950
1446 2842
1446 2866
1446 2883
1446 2888
1450 2868
1450 2928
1450 2968
1465 2857
1465 2900
1465 2910
1465 2969
1465 2986
1465 2991
1465 3046
1476 2855
1478 2849
1478 2986
1479 2883
1479 2928
1488 2850
1491 2862
1491 2888
1492 2855
1492 2862
1492 2888
1492 3007
1492 3031
1493 2850
1493 2891
1493 2910
1493 2929
1493 2950
1493 3038
1497 3126
1510 2842
1510 2883
1510 2888
1510 3046
1512 2928
1512 2992
1512 3137
1513 3099
1521 2874
1521 2928
1521 2950
1521 2962
1521 3092
1526 3130
1532 2829
1532 2842
1533 2869
1533 2991
1536 2862
1536 2866
1536 2900
1536 3130
1536 3137
1539 2928
1543 3130
1544 2839
1544 2842
1544 2900
1544 2910
1547 3006
1549 2854
1549 2863
1549 2864
1549 2946
1549 3134
1550 2866
1550 2869
1550 2910
1550 3016
1551 3099
1553 2839
1553 3020
1554 2910
1556 2866
1556 2870
1567 2866
1567 2868
1570 2950
1570 3003
1570 3126
1575 2870
1576 3046
1578 2842
1582 2855
1590 3046
1593 2922
1596 3072
1604 2839
1604 2863
1604 3020
1610 2956
1615 2850
1617 2910
1631 2866
1638 2839
1638 2842
1638 2862
1638 2866
1638 2883
1638 2928
1638 3020
1641 2842
1641 2969
1644 2842
1647 2842
1652 2866
1658 2950
1658 3134
1661 2842
1661 2888
1661 2992
1674 2913
1674 2928
1674 2962
1674 2969
1678 2839
1678 2842
1678 2845
1678 2866
1678 2883
1678 2888
1678 2895
1678 2910
1678 2922
1678 2950
1678 2962
1678 2969
1678 3020
1678 3046
1678 3134
1685 3030
1687 2869
1687 3128
1690 2839
1690 2855
1690 2870
1690 2874
1690 3020
1695 2950
1704 2829
1704 2943
1705 2842
1705 2888
1705 2986
1710 2842
1710 2874
1710 3046
1710 3099
1715 2862
1715 2986
1717 3092
1733 2842
1739 2842
1756 3137
1759 2855
1759 2864
1759 2866
1759 2868
1759 2969
1793 3047
1796 2829
1796 2855
1796 2888
1796 2895
1796 2950
1801 2839
1801 3046
1803 2922
1805 2842
1805 2845
1805 2849
1805 2854
1805 2864
1805 2962
1805 2986
1805 3096
1807 2869
1807 2888
1813 2839
1813 2854
1813 2864
1813 2922
1813 2956
1813 3016
1813 3077
1813 3134
1817 3099
1819 2829
1819 2862
1819 2866
1819 2888
1819 2928
1819 2956
1819 2991
1819 3057
1819 3077
1819 3092
1819 3126
1819 3128
1826 2864
1826 2866
1826 2869
1826 3030
1826 3075
1827 2829
1827 2883
1827 2928
1827 2969
1827 3003
1827 3016
1827 3034
1827 3126
1827 3134
1848 2887
1848 2991
1850 2854
1860 2842
1860 2986
1880 2883
1880 2895
1880 2969
1881 2830
1881 2950
1886 3128
1888 2956
1888 3126
1893 3075
1895 2862
1895 3099
1896 2869
1896 2986
1899 2842
1900 2932
1900 3046
1901 2991
1907 2830
1907 2839
1907 2842
1907 2845
1907 2849
1907 2854
1907 2855
1907 2857
1907 2863
1907 2864
1907 2866
1907 2874
1907 2888
1907 2900
1907 2922
1907 2928
1907 2932
1907 2946
1907 2956
1907 2962
1907 2992
1907 3007
1907 3015
1907 3016
1907 3020
1907 3030
1907 3031
1907 3046
1907 3092
1907 3134
1910 2842
1910 2962
1910 2992
1910 3130
1917 2887
1917 3079
1920 2913
1920 2959
1924 2839
1924 2855
1924 2866
1924 2883
1924 2895
1924 2950
1924 2991
1924 3007
1924 3015
1924 3075
1924 3126
1924 3134
1925 2842
1925 2850
1925 2874
1925 2883
1925 3046
1925 3130
1926 2888
1926 2956
1926 2968
1926 3003
1928 2866
1928 3030
1928 3057
1936 2869
1936 2991
1937 3015
1943 2842
1947 2956
1948 2839
1948 2888
1948 2910
1948 2913
1948 2922
1948 2928
1948 2932
1948 2955
1948 2956
1948 2962
1948 2969
1948 3038
1948 3046
1948 3075
1948 3111
1948 3134
1948 3137
1955 2850
1955 2864
1955 2866
1955 2883
1955 2895
1955 2910
1955 2922
1955 2928
1955 2950
1955 2956
1955 2969
1955 2986
1955 2992
1955 3020
1955 3031
1956 3030
1956 3077
1957 2869
1957 2932
1957 2962
1957 2992
1971 3016
1972 2855
1972 2866
1972 2888
1972 2950
1972 2962
1975 2839
1975 2842
1975 2850
1975 2854
1975 2855
1975 2865
1975 2870
1975 2883
1975 2888
1975 2891
1975 2895
1975 2903
1975 2910
1975 2913
1975 2922
1975 2928
1975 2932
1975 2946
1975 2950
1975 2955
1975 2956
1975 2962
1975 2969
1975 2992
1975 3003
1975 3016
1975 3017
1975 3020
1975 3030
1975 3031
1975 3038
1975 3046
1975 3047
1975 3072
1975 3075
1975 3126
1975 3134
1975 3138
1976 2830
1976 2869
1976 2887
1976 2888
1976 2922
1976 2928
1976 2950
1976 2956
1976 2986
1976 2992
1976 3020
1976 3031
1976 3134
1980 2842
1980 2950
2002 2864
2002 2992
2002 3020
2002 3134
2003 3099
2010 2855
2010 2910
2010 2962
2013 2855
2014 2829
2014 2845
2014 2857
2014 2866
2014 2869
2014 2900
2014 2932
2014 2943
2014 3006
2014 3015
2014 3130
2016 2910
2016 2928
2016 3006
2016 3092
2016 3130
2021 3099
2023 2888
2023 2891
2023 2932
2023 2992
2023 3003
2023 3114
2023 3126
2025 2855
2025 2866
2025 2986
2025 3003
2025 3075
2027 2845
2027 2850
2027 2855
2027 2900
2027 3130
2030 2845
2030 2866
2030 2870
2030 3015
2030 3077
2030 3130
2037 2855
2037 2864
2037 2910
2037 2962
2037 3020
2037 3075
2037 3134
2047 2866
2047 2968
2048 2842
2048 2883
2048 2895
2048 2922
2048 2928
2048 2962
2048 2992
2048 3007
2048 3016
2048 3020
2048 3046
2052 2969
2059 2854
2065 2866
2065 3015
2065 3034
2081 2900
2081 2986
2094 2950
2094 3003
2104 2829
2104 2839
2104 2845
2104 2855
2104 2862
2104 2868
2104 2883
2104 2888
2104 2895
2104 2900
2104 2910
2104 2922
2104 2928
2104 2946
2104 2956
2104 2962
2104 2969
2104 2992
2104 3016
2104 3020
2104 3030
2104 3046
2104 3092
2104 3096
2104 3130
2104 3134
2106 2986
2110 3006
2112 2895
2112 2922
2112 2937
2112 2938
2112 3001
2112 3089
2112 3114
2116 2842
2118 2855
2118 2862
2118 2864
2118 2866
2118 2956
2118 2986
2118 3020
2118 3134
2120 2888
2120 3003
2121 2842
2122 2950
2124 2830
2124 2839
2124 2895
2124 2910
2124 2922
2124 2946
2130 2866
2130 3034
2130 3046
2130 3128
2143 2864
2143 2866
2143 2986
2144 2842
2145 2842
2145 2850
2145 2855
2145 2883
2147 2956
2147 2992
2148 2888
2149 2855
2149 2955
2150 2854
2150 2855
2150 3020
2151 2956
2151 3016
2152 2992
2152 3020
2152 3096
2158 2855
2158 2986
2158 3015
2160 2910
2160 2956
2160 2962
2160 3046
2161 2830
2161 2845
2161 2854
2161 2883
2161 2888
2161 2992
2161 3020
2161 3031
2161 3112
2165 2866
2165 2928
2165 3007
2165 3046
2165 3075
2166 2829
2166 2830
2166 2839
2166 2842
2166 2845
2166 2850
2166 2854
2166 2855
2166 2857
2166 2862
2166 2863
2166 2864
2166 2865
2166 2866
2166 2868
2166 2869
2166 2870
2166 2874
2166 2883
2166 2888
2166 2892
2166 2895
2166 2903
2166 2910
2166 2913
2166 2922
2166 2928
2166 2929
2166 2932
2166 2937
2166 2938
2166 2946
2166 2950
2166 2955
2166 2956
2166 2962
2166 2969
2166 2986
2166 2987
2166 2992
2166 3003
2166 3007
2166 3016
2166 3017
2166 3020
2166 3030
2166 3031
2166 3034
2166 3038
2166 3046
2166 3047
2166 3057
2166 3079
2166 3092
2166 3096
2166 3111
2166 3126
2166 3128
2166 3130
2166 3137
2166 3138
2177 2842
2177 2855
2177 2883
2177 2895
2177 2910
2177 3015
2177 3038
2177 3111
2186 2830
2186 2854
2186 2864
2186 2928
2186 2950
2186 2992
2186 3016
2188 2956
2191 3020
2192 2854
2192 2950
2192 2962
2193 2855
2193 2866
2193 2928
2193 2968
2193 2992
2193 3020
2200 2845
2200 2895
2200 2956
2200 3015
2200 3030
2207 2842
2207 2854
2207 2864
2207 2868
2207 2969
2208 2888
2208 2932
2208 3137
2209 3046
2212 2962
2213 2883
2213 2950
2213 3099
2214 3096
2214 3134
2217 2910
2217 2968
2232 2830
2232 2854
2233 2883
2233 3016
2234 3099
2238 2830
2238 2839
2238 2842
2238 2849
2238 2854
2238 2863
2238 2864
2238 2883
2238 2892
2238 2895
2238 2910
2238 2932
2238 2938
2238 2950
2238 2962
2238 2986
2238 2992
2238 3007
2238 3016
2238 3020
2238 3031
2238 3046
2238 3057
2238 3126
2238 3134
2238 3137
2239 2839
2239 2850
2239 2854
2239 2855
2239 2864
2239 2866
2239 2888
2239 2910
2239 2922
2239 2928
2239 2938
2239 2956
2239 2962
2239 2969
2239 2992
2239 3006
2239 3016
2239 3020
2239 3046
2239 3092
2239 3134
2240 2839
2240 2922
2240 2928
2240 2950
2240 3020
2240 3134
2241 2855
2241 2862
2242 2839
2242 2910
2242 2950
2242 2956
2242 2962
2242 3016
2243 2830
2243 2855
2243 2862
2243 2863
2243 2864
2243 2869
2243 2874
2243 2928
2243 2932
2243 2946
2243 2962
2243 2969
2243 2987
2243 3030
2243 3031
2243 3034
2243 3057
2243 3077
2243 3096
2245 2830
2245 2842
2245 2855
2245 2874
2245 2883
2245 2888
2245 2922
2245 2928
2245 2932
2245 2962
2245 2986
2245 3038
2245 3096
2251 2829
2251 2866
2251 2887
2251 2968
2251 2991
2251 3015
2251 3057
2258 2839
2258 2866
2258 2888
2258 2950
2258 3020
2267 2842
2267 2850
2267 2854
2267 2869
2267 2883
2267 2895
2267 2929
2267 2991
2267 3015
2267 3038
2269 2829
2269 2830
2269 2839
2269 2842
2269 2845
2269 2854
2269 2855
2269 2857
2269 2862
2269 2863
2269 2864
2269 2866
2269 2868
2269 2869
2269 2870
2269 2883
2269 2887
2269 2888
2269 2891
2269 2895
2269 2900
2269 2910
2269 2922
2269 2928
2269 2932
2269 2946
2269 2950
2269 2956
2269 2962
2269 2968
2269 2969
2269 2986
2269 2991
2269 2992
2269 3003
2269 3006
2269 3007
2269 3015
2269 3016
2269 3031
2269 3034
2269 3038
2269 3046
2269 3057
2269 3077
2269 3092
2269 3128
2269 3130
2269 3134
2269 3138
2270 2866
2270 2922
2271 2850
2272 2956
2273 2842
2274 2842
2274 2850
2274 2854
2274 2855
2274 2857
2274 2866
2274 2869
2274 2883
2274 2910
2274 2922
2274 2928
2274 2950
2274 2956
2274 2962
2274 2969
2274 2986
2274 2992
2274 3015
2274 3030
2274 3034
2274 3128
2275 2866
2277 2850
2277 2866
2277 2928
2277 2956
2277 3031
2277 3092
2277 3130
2278 2928
2278 2950
2278 2992
2278 3020
2280 2839
2280 2845
2280 2870
2280 2883
2280 2888
2280 2891
2280 2895
2280 2962
2280 2969
2280 3020
2281 2839
2281 2842
2281 2883
2281 2888
2281 2895
2281 2913
2281 2922
2281 2962
2281 2992
2281 3031
2281 3046
2281 3134
2283 2842
2283 2866
2283 2928
2283 3130
2284 2842
2284 2883
2284 2895
2284 2910
2285 3020
2286 2842
2286 2895
2286 2928
2286 2969
2287 2842
2287 2854
2287 2865
2287 2910
2287 2928
2287 2956
2287 3016
2287 3020
2290 2830
2290 2839
2290 2842
2290 2854
2290 2888
2290 2903
2290 2910
2290 2922
2290 2950
2290 2956
2290 2962
2290 2992
2290 3016
2290 3020
2290 3030
2290 3031
2290 3038
2290 3126
2290 3134
2295 2950
2300 2854
2300 3138
2302 2839
2302 2866
2302 2910
2302 2922
2304 3099
2308 2855
2308 2910
2311 2913
2311 3137
2311 3138
2314 2950
2315 2830
2315 2839
2315 2854
2315 2888
2315 2910
2315 2922
2315 2956
2315 2962
2315 3020
2315 3038
2315 3046
2315 3134
2318 2866
2323 3126
2327 3006
2335 2866
2335 2888
2336 2830
2336 2855
2336 2866
2336 2956
2351 2839
2351 2842
2351 2869
2351 2874
2351 2883
2351 2888
2351 2910
2351 2928
2351 2938
2351 2962
2351 3020
2351 3038
2351 3046
2351 3134
2352 2883
2358 3046
2366 2866
2366 2986
2372 2910
2374 2839
2380 2888
2380 2922
2380 3003
2381 2854
2381 2956
2381 3016
2381 3020
2383 3079
2385 2910
2385 2969
2388 2842
2388 2850
2388 2883
2388 2895
2388 2903
2388 2929
2388 2962
2388 2969
2388 3016
2388 3134
2397 3015
2397 3130
2403 2839
2403 2842
2403 2854
2403 2855
2403 2863
2403 2864
2403 2883
2403 2895
2403 2950
2403 2956
2403 2992
2403 3016
2403 3020
2403 3077
2403 3092
2412 2854
2412 2855
2412 2857
2412 2862
2412 2866
2412 2928
2412 2956
2412 2992
2412 3020
2412 3031
2412 3092
2412 3130
2413 2946
2413 3072
2413 3134
2413 3137
2421 2842
2435 3020
2443 2845
2443 2855
2443 2866
2443 3079
2453 2830
2453 2910
2453 2928
2453 2956
2453 3017
2453 3046
2453 3077
2461 2830
2461 2845
2461 2854
2461 2864
2461 2888
2461 2928
2461 2956
2461 2992
2461 3007
2461 3031
2461 3077
2463 2857
2463 2862
2463 2928
2463 2986
2466 2922
2467 2839
2467 2842
2467 2888
2467 2895
2467 3128
2467 3134
2467 3137
2472 2895
2476 2895
2476 2992
2483 2830
2483 2854
2483 2910
2483 3016
2483 3020
2488 2830
2488 2842
2488 2863
2488 2992
2491 2830
2491 2839
2491 2850
2491 2854
2491 2857
2491 2863
2491 2865
2491 2866
2491 2868
2491 2873
2491 2887
2491 2913
2491 2922
2491 2950
2491 2956
2491 2962
2491 2969
2491 2986
2491 2987
2491 2992
2491 3003
2491 3007
2491 3030
2491 3046
2491 3057
2491 3072
2491 3077
2491 3092
2491 3126
2491 3130
2492 2864
2492 2866
2492 2883
2492 2895
2492 3020
2495 2845
2495 2849
2495 2854
2495 2857
2495 2862
2495 2863
2495 2864
2495 2866
2495 2870
2495 2887
2495 2900
2495 2928
2495 2946
2495 2950
2495 2956
2495 2986
2495 2992
2495 3006
2495 3007
2495 3016
2495 3020
2495 3031
2495 3034
2495 3057
2495 3092
2495 3130
2495 3134
2497 2888
2497 2950
2497 3075
2498 2932
2499 2873
2499 2932
2504 2857
2504 2866
2504 2928
2504 2956
2507 3092
2508 2928
2510 2839
2510 2928
2510 2992
2510 3130
2512 2950
2512 2992
2512 3126
2519 2842
2519 2866
2519 2956
2520 2842
2521 2866
2523 2855
2524 2850
2524 2922
2524 2950
2524 2962
2527 2991
2527 3015
2527 3020
2527 3077
2528 2839
2528 2842
2528 2850
2528 2883
2528 2888
2528 2891
2528 2913
2528 2922
2528 2928
2528 2946
2528 2962
2528 2969
2528 3020
2528 3038
2528 3046
2528 3072
2533 2900
2536 2842
2536 2928
2536 2946
2536 3046
2538 2910
2541 2842
2541 2950
2541 2962
2541 3020
2541 3092
2543 2839
2543 2855
2543 2862
2543 2864
2543 2866
2543 2888
2543 2922
2543 2928
2543 2956
2543 2969
2543 2986
2543 2992
2543 3007
2543 3016
2543 3020
2543 3046
2543 3077
2543 3092
2544 2866
2545 2854
2545 2864
2545 2866
2545 2883
2545 2888
2545 2922
2545 2955
2545 2956
2545 2962
2545 2991
2545 3006
2545 3007
2545 3020
2545 3031
2545 3038
2548 2842
2548 2850
2548 2910
2548 2928
2548 2955
2548 2962
2549 2829
2549 2830
2549 2854
2549 2862
2549 2863
2549 2864
2549 2865
2549 2866
2549 2868
2549 2910
2549 2913
2549 2932
2549 2946
2549 2955
2549 2956
2549 2969
2549 2992
2549 3007
2549 3016
2549 3038
2549 3047
2549 3077
2549 3126
2549 3137
2550 2855
2550 2956
2550 3020
2551 2855
2551 2956
2551 2992
2551 3031
2551 3077
2552 2845
2553 2910
2553 2972
2557 2959
2561 2910
2562 2895
2562 3017
2567 2910
2569 2883
2569 2888
2569 2895
2569 2969
2569 3020
2570 2839
2570 2870
2570 2910
2570 2913
2570 2969
2571 2855
2571 2866
2572 2928
2572 3092
2582 2866
2582 3079
2588 2888
2588 2910
2588 2986
2591 2839
2591 2888
2591 2928
2591 2950
2591 2956
2591 3046
2591 3075
2591 3096
2593 2868
2593 2986
2594 3092
2597 2866
2599 2866
2599 3079
2599 3130
2601 2928
2610 3030
2613 2854
2613 2992
2613 3007
2613 3134
2621 2842
2622 2913
2627 2932
2627 3059
2636 2864
2639 2849
2639 3047
2640 2839
2640 2842
2640 2854
2640 2855
2640 2864
2640 2883
2640 2888
2640 2922
2640 2956
2640 3020
2640 3030
2640 3031
2640 3046
2644 2888
2644 2895
2644 3020
2654 3092
2662 2830
2662 2854
2662 2910
2662 2946
2662 2950
2662 2956
2662 2992
2662 3003
2662 3020
2662 3075
2662 3126
2664 2868
2664 3034
2665 2922
2665 2928
2667 2891
2667 2922
2667 2928
2667 2932
2668 3130
2669 2895
2669 2910
2669 2922
2669 2928
2669 3038
2677 2955
2678 2969
2679 2842
2680 2829
2680 2845
2680 2866
2680 2870
2680 3057
2681 2839
2681 2864
2681 2895
2681 2928
2681 2992
2681 3020
2681 3092
2683 2839
2683 2883
2683 2888
2683 2922
2683 3020
2683 3138
2684 3072
2687 2992
2688 2910
2692 2857
2692 2883
2692 2895
2692 3057
2694 2842
2696 2910
2696 2992
2707 2866
2721 2839
2721 2854
2721 2888
2721 2910
2721 2969
2721 3020
2723 2842
2724 2891
2724 3020
2724 3072
2726 2839
2726 2864
2726 2932
2726 2956
2726 2969
2726 2992
2726 3015
2726 3030
2730 2888
2730 2895
2739 2857
2739 2864
2739 2928
2739 3007
2740 2845
2740 2910
2741 2830
2741 2839
2741 2854
2741 2855
2741 2922
2741 2950
2741 2992
2741 3020
2741 3031
2741 3047
2747 2910
2747 2946
2749 2895
2749 2969
2749 3020
2750 2854
2750 2903
2750 2910
2750 2950
2750 2969
2750 3126
2751 3003
2754 2842
2754 2900
2758 2839
2758 2891
2758 2959
2758 3046
2761 2842
2761 2850
2761 2854
2761 2883
2761 2910
2761 2922
2761 2946
2761 2962
2761 3017
2763 3016
2769 3075
2773 2854
2773 2956
2773 3031
2773 3134
2776 2845
2776 2866
2776 3057
2781 2855
2784 2969
2784 3047
2785 2830
2785 3016
2786 2842
2791 2932
2793 2842
2793 2883
2793 2968
2794 2864
2796 2962
2796 2969
2797 2855
2797 2857
2797 2862
2797 2863
2797 2864
2797 2874
2797 2895
2797 2910
2797 2992
2797 3007
2797 3030
2797 3092
2799 2839
2799 2842
2799 2845
2799 2850
2799 2855
2799 2857
2799 2862
2799 2864
2799 2866
2799 2874
2799 2922
2799 2928
2799 2956
2799 2986
2799 2992
2799 3007
2799 3016
2799 3020
2799 3030
2799 3031
2799 3034
2799 3038
2799 3057
2799 3134
2807 2866
2810 2992
2811 2895
2811 2910
2812 2874
2812 2910
2812 2950
2812 2992
2812 3016
2812 3046
2814 2895
2814 2969
2815 2845
2815 2855
2815 2862
2815 2950
2815 3007
2815 3075
2816 2883
2816 2895
2816 2910
2817 2842
2817 2854
2817 2910
2817 2992
2818 2895
2818 3003
2818 3006
2818 3079
2818 3128
2818 3137
2821 2962
2823 2866
2824 3016
2826 2842
2826 2845
2826 2850
2826 2870
2826 2928
2826 3092
2826 3130
2828 2864
2828 2922
2828 3020
2828 3134
2829 3096
2830 2839
2830 2854
2830 2857
2830 2863
2830 2864
2830 2865
2830 2866
2830 2883
2830 2888
2830 2910
2830 2922
2830 2928
2830 2932
2830 2950
2830 2956
2830 2992
2830 3006
2830 3007
2830 3016
2830 3020
2830 3030
2830 3134
2833 2842
2835 2842
2838 2849
2838 2854
2838 2855
2838 2862
2838 2863
2838 2864
2838 2865
2838 2874
2838 2895
2838 2910
2838 2928
2838 2986
2838 3016
2838 3075
2838 3077
2838 3092
2839 2842
2839 2845
2839 2864
2839 2888
2839 2895
2839 2922
2839 2968
2839 2969
2839 3015
2839 3020
2839 3046
2839 3128
2840 2842
2841 2842
2841 2932
2843 3096
2845 2839
2845 2857
2845 2870
2854 2866
2854 2883
2854 2910
2854 2938
2854 2955
2854 3003
2854 3020
2854 3038
2855 2866
2855 3075
2855 3077
2856 2855
2857 2845
2857 2862
2857 2863
2857 2865
2857 2866
2857 2868
2857 2874
2857 2887
2857 2928
2857 3007
2857 3034
2857 3096
2857 3130
2858 2874
2859 2845
2859 2849
2859 2855
2859 2857
2859 2862
2859 2863
2859 2864
2859 2866
2859 2868
2859 2870
2859 2874
2859 2887
2859 2900
2859 2928
2859 2946
2859 2986
2859 2991
2859 3007
2859 3015
2859 3016
2859 3034
2859 3079
2859 3092
2859 3128
2859 3130
2860 2855
2860 2864
2860 2874
2860 2946
2860 3016
2861 2854
2861 2863
2861 2864
2861 2874
2861 3007
2861 3016
2861 3030
2862 2845
2862 2849
2862 2854
2862 2855
2862 2857
2862 2866
2862 2874
2862 2900
2862 2928
2862 2968
2862 3007
2862 3015
2862 3092
2862 3130
2863 2829
2863 2845
2863 2849
2863 2855
2863 2857
2863 2862
2863 2864
2863 2866
2863 2870
2863 2874
2863 2887
2863 2928
2863 2956
2863 2986
2863 3007
2863 3015
2863 3057
2863 3092
2863 3130
2864 2830
2864 2849
2864 2854
2864 2855
2864 2857
2864 2862
2864 2865
2864 2874
2864 2928
2864 2956
2864 2992
2864 3007
2864 3016
2864 3030
2864 3046
2865 2849
2865 2857
2865 2863
2865 2870
2865 2874
2865 2928
2865 3015
2865 3092
2866 2845
2866 2849
2866 2854
2866 2855
2866 2857
2866 2862
2866 2863
2866 2864
2866 2868
2866 2869
2866 2870
2866 2874
2866 2900
2866 2928
2866 2956
2866 2986
2866 3007
2866 3016
2866 3030
2866 3031
2866 3034
2866 3057
2866 3092
2866 3128
2866 3130
2867 2839
2867 2845
2867 2849
2867 2865
2867 2874
2867 2928
2867 2956
2867 3006
2867 3020
2867 3031
2867 3046
2867 3079
2868 2857
2868 2863
2868 2864
2868 2866
2868 2874
2868 2888
2868 2900
2868 2922
2868 2928
2868 2968
2868 3006
2869 2866
2869 2874
2869 3015
2870 2874
2871 2857
2871 2864
2871 2865
2871 2866
2871 2874
2871 2946
2871 2986
2871 3099
2871 3130
2872 2849
2872 2855
2872 2874
2873 2855
2873 2864
2873 2874
2873 3007
2873 3034
2873 3092
2875 2869
2876 2883
2876 3046
2877 2883
2878 2883
2878 2895
2879 2849
2879 2862
2879 2883
2879 2922
2879 2955
2879 2969
2879 2992
2880 2883
2880 2895
2880 2962
2880 2969
2880 3038
2881 2883
2882 3007
2885 2839
2885 2903
2885 2922
2885 2946
2885 2969
2885 3017
2885 3020
2885 3047
2885 3134
2886 2830
2886 2887
2886 2968
2887 2845
2887 2854
2887 2866
2887 2928
2887 2956
2887 2962
2887 2969
2887 2992
2887 3003
2887 3031
2887 3057
2887 3092
2888 2868
2888 3020
2889 2888
2891 2829
2891 2845
2891 3006
2893 2895
2894 2895
2899 2950
2900 2829
2900 2862
2900 2866
2900 2968
2900 3003
2900 3130
2904 3046
2905 2910
2906 2910
2907 2910
2908 2910
2909 2910
2911 3075
2912 2855
2912 2866
2912 2922
2912 2956
2912 2992
2912 3031
2912 3130
2912 3134
2913 2922
2914 2855
2914 2900
2914 2922
2914 2956
2915 2829
2915 2830
2915 2857
2915 2863
2915 2865
2915 2866
2915 2922
2915 2943
2915 2946
2915 3020
2915 3057
2916 2922
2917 2922
2918 2839
2918 2922
2918 2932
2918 3046
2919 2922
2920 2888
2920 2891
2920 2922
2920 2959
2920 3003
2920 3020
2920 3137
2921 3138
2927 2913
2931 3072
2932 2830
2932 2839
2932 2864
2932 2888
2932 2950
2932 3016
2932 3020
2932 3046
2933 2863
2942 2969
2942 3038
2945 2932
2945 3046
2946 2992
2946 3016
2949 2950
2950 2928
2950 2932
2950 2962
2950 3020
2950 3134
2952 2888
2955 3038
2955 3046
2955 3072
2956 2830
2956 2845
2956 2854
2956 2855
2956 2864
2956 2866
2956 2870
2956 2887
2956 2928
2956 2950
2956 2992
2956 3007
2956 3016
2956 3030
2956 3031
2956 3075
2956 3126
2956 3130
2956 3134
2957 2962
2958 2968
2958 3006
2958 3015
2961 2962
2963 2969
2964 2969
2965 2969
2966 2969
2967 2969
2968 2900
2968 2969
2968 3006
2970 3047
2971 2864
2971 2956
2971 2992
2971 3016
2973 2866
2973 3079
2973 3137
2975 2928
2977 2839
2979 3020
2980 2869
2980 3016
2980 3092
2982 2849
2982 3137
2986 2866
2989 2839
2989 3046
2990 2993
2991 2829
2991 2830
2991 2845
2991 2855
2991 2857
2991 2862
2991 2865
2991 2866
2991 2868
2991 2870
2991 2928
2991 2946
2991 2950
2991 2956
2991 2968
2991 2986
2991 3006
2991 3015
2991 3057
2991 3130
2992 2830
2992 2839
2992 2854
2992 2855
2992 2862
2992 2863
2992 2865
2992 2866
2992 2932
2992 2946
2992 2950
2992 2956
2992 2986
2992 3007
2992 3016
2992 3020
2992 3030
2992 3034
2992 3057
2992 3130
2992 3137
2992 3138
2998 2888
2998 3020
2999 2839
2999 2956
2999 3030
2999 3134
3000 2913
3001 2928
3002 2854
3002 2864
3002 2950
3002 3020
3002 3030
3002 3031
3003 2862
3003 2866
3003 2950
3003 2956
3003 2992
3003 3020
3003 3030
3003 3126
3004 3020
3005 2946
3005 3020
3005 3046
3005 3134
3005 3138
3006 2855
3006 2866
3006 3007
3006 3015
3006 3020
3007 2854
3007 2864
3007 2956
3007 2992
3007 3020
3007 3030
3007 3126
3008 3017
3008 3020
3009 3020
3010 3020
3011 3020
3012 3020
3013 2829
3013 2839
3013 2845
3013 2854
3013 2864
3013 2866
3013 2928
3013 2950
3013 2956
3013 2986
3013 2992
3013 3003
3013 3015
3013 3020
3013 3077
3013 3092
3013 3128
3013 3130
3013 3134
3014 2869
3014 2887
3014 2900
3014 2968
3014 2991
3014 3006
3014 3015
3014 3020
3014 3128
3014 3130
3015 2845
3015 3006
3015 3016
3015 3020
3015 3092
3015 3130
3015 3134
3016 2854
3016 2950
3016 2956
3016 3020
3016 3075
3017 3020
3018 3020
3021 2928
3022 2928
3028 2845
3028 2928
3028 2956
3028 3034
3028 3130
3029 2830
3029 2839
3029 2956
3029 3030
3030 2857
3030 2946
3030 2950
3030 2956
3030 2986
3030 2992
3030 3003
3030 3016
3030 3017
3030 3075
3030 3138
3031 2950
3031 2956
3031 2992
3031 3003
3036 2830
3036 2862
3036 2864
3036 2866
3036 2870
3036 2943
3036 2950
3036 2956
3036 2968
3036 2992
3036 3030
3036 3031
3040 2946
3044 2839
3044 2888
3044 2891
3044 3046
3048 2839
3048 3134
3057 2862
3057 2866
3057 2888
3057 2928
3057 2956
3057 2992
3057 3006
3057 3128
3066 2839
3067 3069
3068 3069
3070 2950
3074 2830
3074 2932
3074 2950
3074 3016
3075 2950
3075 2956
3075 2992
3076 2869
3077 2854
3077 2891
3077 2950
3077 2956
3077 2992
3077 3016
3077 3030
3077 3031
3077 3126
3077 3134
3081 2866
3081 2868
3081 3075
3081 3077
3082 2950
3084 2888
3084 2946
3084 3137
3084 3138
3087 2855
3087 2866
3092 2862
3092 2866
3092 2928
3092 3130
3096 2992
3098 3134
3105 2830
3109 2863
3109 2888
3110 2830
3112 3134
3113 2888
3113 3015
3115 3117
3116 2830
3116 3075
3116 3117
3118 2956
3118 3017
3119 2888
3120 2888
3121 2888
3122 2888
3123 2888
3124 2891
3124 2950
3125 2866
3125 2932
3125 3003
3126 2829
3126 2830
3126 2854
3126 2855
3126 2864
3126 2865
3126 2866
3126 2869
3126 2870
3126 2887
3126 2928
3126 2943
3126 2946
3126 2956
3126 3003
3126 3077
3126 3092
3126 3130
3128 2866
3129 2849
3129 2855
3129 2863
3129 2928
3129 2956
3129 3092
3129 3130
3129 3131
3130 2849
3130 2857
3130 2862
3130 2863
3130 2928
3130 2956
3130 2986
3130 2992
3130 3007
3130 3034
3130 3057
3130 3077
3130 3092
3132 2968
3134 2864
3134 2956
3135 3137
3137 3092
3140 2857
3140 2943
3140 3015
3144 2845
3145 2830
3145 2866
3145 2928
3145 2950
3145 2956
3145 2992
3145 3016
3145 3030
3145 3031
3145 3077
3146 2956
3146 2992
3146 3134
3147 3072
3150 3003
3150 3126
3152 2932
3153 2932
3156 2866
3162 2950
3164 2839
3165 2865
3165 2868
3167 2943
3173 2839
3173 2855
3173 2857
3173 2862
3173 2866
3173 2900
3173 2928
3173 2950
3173 2986
3173 3015
3173 3092
3173 3130
3174 2839
3174 2891
3174 2992
3176 2950
3177 2928
3186 3015
3186 3128
3188 2891
3197 2959
3200 2956
3204 2866
3204 3007
3211 2866
3212 3015
3213 2992
3213 3126
3214 2968
3214 3130
3215 2956
3215 3016
3215 3126
3217 2991
3218 3126
3222 3006
3239 2950
3239 3134
3244 2854
3244 2862
3244 2864
3244 2866
3244 2928
3244 2956
3244 3016
3248 3134
3251 2830
3251 2864
3251 2956
3251 2992
3251 3016
3251 3096
3255 2862
3255 2866
3255 2928
3255 2986
3255 2992
3255 3007
3255 3031
3257 2868
3257 3031
3258 2830
3258 2992
3259 2866
3259 2928
3259 3128
3259 3130
3260 2950
3260 3016
3260 3075
3260 3134
3261 3134
3262 3134
3265 2866
3268 2864
3268 2900
3268 3003
3268 3006
3268 3007
3270 2950
3272 2866
3272 2887
3272 2900
3272 2968
3272 3006
3272 3130
3274 3034
3277 2830
3277 2864
3277 2956
3277 3030
3282 3003
3292 3075
3298 3072
3299 3072
3300 2855
3300 2866
3300 2868
3300 2950
3300 2968
3300 2986
3300 3003
3300 3075
3300 3130
3301 2900
3303 2950
3304 2864
3304 2950
3304 2968
3304 2992
3304 3007
3304 3015
3304 3092
3304 3130
3305 2868
3305 2870
3305 2900
3305 3006
3305 3015
3305 3057
3305 3130
3306 2992
3306 3003
3306 3126
3308 2849
3308 2857
3308 2862
3308 2863
3308 2864
3308 2865
3308 2870
3308 2928
3308 2986
3308 3077
3309 2849
3309 2857
3309 2862
3309 2863
3309 2865
3309 2900
3309 2928
3309 2968
3309 2986
3309 2991
3309 3007
3309 3015
3309 3016
3309 3034
3309 3079
3309 3092
3309 3130
3309 3137
3310 2863
3310 3092
3317 2862
3317 2868
3320 2950
3321 2950
3322 2950
3323 2857
3323 2864
3323 2950
3323 2956
3323 3016
3324 2950
3325 2849
3325 2854
3325 2855
3325 2857
3325 2862
3325 2863
3325 2864
3325 2950
3325 2956
3325 2986
3325 2992
3325 3006
3325 3016
3325 3031
3325 3077
3325 3128
3326 2854
3326 2950
3326 2956
3327 2950
3328 2950
3329 2950
3330 2845
3330 2868
3330 2950
3330 2968
3330 3057
3330 3130
3331 2870
3331 2950
3332 2946
3332 2950
3332 3015
3333 2855
3333 2857
3333 2862
3333 2863
3333 2864
3333 2865
3333 2866
3333 2928
3333 2950
3333 2991
3333 3006
3333 3015
3333 3016
3333 3077
3333 3130
3334 2854
3334 2950
3334 3016
3334 3030
3334 3031
3334 3034
3335 2950
3336 2830
3336 2864
3336 2866
3336 2992
3336 3092
3336 3126
3337 2849
3337 2857
3337 2864
3337 2866
3337 2870
3337 2928
3337 2956
3337 3007
3337 3016
3340 3075
3341 2866
3343 2863
3351 2956
3352 2845
3352 2862
3352 2866
3352 2869
3352 2900
3352 3006
3352 3007
3352 3015
3352 3130
3359 3016
3366 2830
3366 2992
3366 3003
3367 2830
3367 2854
3367 2857
3367 2928
3367 2956
3367 2992
3367 3030
3367 3077
3370 2855
3370 2857
3370 2862
3370 3003
3370 3077
3370 3126
3379 2830
3379 2992
3379 3003
3379 3126
3380 2956
3381 2854
3381 2866
3381 2956
3381 3016
3384 2956
3385 2830
3385 2854
3385 2863
3385 3007
3385 3016
3385 3030
3385 3031
3387 2829
3387 2830
3387 2857
3387 2900
3393 3092
3394 2855
3394 2857
3394 2863
3394 2864
3394 2866
3394 2928
3394 2956
3394 2968
3394 2992
3394 3015
3394 3016
3394 3030
3394 3034
3394 3130
3395 2854
3395 2855
3395 2863
3395 2864
3395 2956
3395 2992
3395 3030
3395 3077
3399 2862
3409 2900
3421 2830
3421 3015
3423 2866
3426 2992
3428 3126
3437 2854
3437 2928
3437 2956
3437 3007
3437 3031
3437 3130
3438 2849
3438 2854
3438 2855
3438 2857
3438 2862
3438 2866
3438 2928
3439 2854
3440 2854
3440 2956
3440 3016
3442 2849
3442 2855
3442 2863
3442 2866
3442 2986
3442 3007
3442 3015
3442 3057
3442 3092
3443 2855
3444 2857
3444 2869
3444 3130
3445 3007
3446 2855
3447 3007
3448 2992
3449 2873
3450 2992
3456 3003
3469 2873
3472 2857
3472 2928
3472 2956
3475 3030
3478 2864
3478 2956
3480 2928
3480 3092
3481 2845
3481 2866
3481 2870
3481 2968
3481 3015
3481 3034
3481 3130
3487 2830
3489 2956
3490 3016
3490 3130
3492 3016
3492 3057
3493 3015
3500 2845
3500 2866
3500 2869
3500 2968
3500 2991
3500 3006
3500 3015
3500 3096
3500 3130
3502 2857
3502 2956
3502 3016
3503 2956
3504 2956
3505 2956
3505 3016
3505 3030
3505 3092
3506 2857
3506 2862
3506 2956
3507 2864
3507 2956
3508 2956
3509 2956
3510 2956
3511 2956
3514 3030
3519 3077
3520 3006
3526 2868
3526 2928
3526 2986
3532 2943
3534 3077
3536 2845
3536 2866
3536 3006
3537 2855
3538 2845
3538 2857
3538 2863
3538 2865
3538 2928
3538 3006
3538 3031
3538 3130
3539 3031
3545 3130
3546 2866
3546 2943
3554 3030
3579 2849
3579 3092
3582 3016
3587 2928
3589 2855
3591 3130
3592 2864
3592 2946
3596 3007
3600 2829
3600 2845
3600 2849
3600 2855
3600 2857
3600 2862
3600 2863
3600 2865
3600 2868
3600 2887
3600 2928
3600 2991
3600 3006
3600 3007
3600 3034
3600 3057
3600 3096
3601 2866
3607 2845
3607 2863
3607 2870
3607 3034
3612 3016
3613 2869
3613 3016
3614 3016
3615 3016
3617 3092
3626 2866
3629 3034
3631 2863
3637 2857
3637 2869
3637 2887
3637 2928
3637 3057
3637 3130
3638 2863
3638 2864
3638 3007
3639 2845
3639 2855
3639 2866
3640 2866
3641 2855
3641 2866
3642 2900
3648 3034
3650 2855
3653 2928
3655 3077
3659 2928
3663 2864
3666 2866
3666 2900
3666 3130
3667 2928
3668 2829
3668 2857
3668 3015
3675 2857
3675 2863
3675 2864
3675 2868
3675 2870
3675 2928
3675 3130
3676 2829
3676 2845
3676 2866
3676 2869
3676 2870
3681 2968
3681 3015
3684 2864
3684 2943
3685 2855
3685 2864
3685 3015
3685 3130
3686 2864
3687 2864
3688 2864
3690 2865
3690 2866
3690 2968
3690 3092
3692 2857
3695 2849
3698 2862
3698 2863
3698 2900
3698 2928
3698 3006
3698 3092
3703 2863
3706 2869
3706 2900
3720 2863
3723 2855
3724 2855
3725 2855
3726 2855
3726 3130
3727 2855
3727 2866
3727 3130
3728 2855
3731 2829
3731 2857
3731 2870
3731 2887
3731 2900
3731 2943
3731 2968
3731 3015
3731 3096
3731 3112
3731 3130
3732 3092
3740 2849
3740 2857
3740 2866
3743 2863
3744 2863
3745 2829
3745 2845
3745 2857
3745 2863
3745 2865
3745 2866
3745 2869
3745 2870
3745 2928
3745 3034
3745 3057
3745 3130
3746 2863
3750 3007
3750 3130
3751 2870
3751 3003
3751 3130
3752 3092
3754 2845
3754 2870
3754 2928
3754 3092
3758 3130
3760 2943
3762 2991
3762 3006
3766 2870
3766 3092
3767 2870
3767 3007
3768 2866
3768 3034
3768 3057
3770 2849
3770 2857
3770 2862
3770 2868
3770 2986
3770 3007
3770 3015
3770 3092
3789 2866
3789 2968
3789 3130
3792 3007
3792 3015
3792 3079
3797 2869
3797 3130
3798 2866
3798 2870
3798 3057
3798 3130
3801 3007
3802 2862
3802 3034
3816 2928
3818 3092
3819 3092
3820 3092
3821 3092
3822 3092
3824 3057
3830 2869
3830 3003
3830 3130
3840 2900
3845 2870
3849 2857
3849 3130
3852 3006
3852 3096
3852 3130
3867 2866
3867 2887
3867 2900
3867 2991
3868 2865
3878 2866
3878 2869
3878 2928
3878 2968
3882 2968
3882 3096
3882 3128
3882 3130
3883 2845
3883 2866
3883 2870
3883 3057
3883 3128
3890 2900
3899 2866
3899 3034
3899 3057
3905 2900
3910 2857
3910 2862
3910 2928
3910 2986
3913 2849
3922 2869
3922 2928
3927 2857
3927 2865
3929 2849
3930 2849
3931 3130
3933 2829
3933 2845
3933 2866
3933 2870
3933 2928
3933 2968
3933 3006
3933 3015
3933 3034
3933 3057
3933 3130
3959 2866
3960 2849
3961 2849
3962 2849
3963 2866
3966 2928
3967 2845
3970 2928
3970 3079
3973 2928
3974 2829
3974 2845
3974 2857
3974 2862
3974 2865
3974 2866
3974 2869
3974 2870
3974 2928
3974 2986
3974 3034
3974 3057
3974 3096
3974 3130
3983 2829
3983 2857
3983 2928
3983 2968
3983 3003
3983 3034
3983 3130
3986 2829
3986 2845
3986 2866
3986 2869
3986 2870
3986 2887
3986 2900
3986 2928
3986 2968
3986 2991
3986 3003
3986 3006
3986 3015
3986 3034
3986 3057
3986 3128
3986 3130
3986 3137
3991 2862
3991 2928
3992 2857
3992 2928
3992 2968
3992 3130
3993 2865
3999 2968
3999 3096
4000 2865
4000 2928
4000 3130
4006 2857
4006 2868
4009 3006
4013 2866
4013 2869
4013 3003
4013 3006
4013 3015
4013 3130
4013 3137
4014 2986
4015 2866
4015 2868
4015 3130
4016 2857
4016 2866
4017 2857
4018 2857
4019 2857
4019 3130
4020 2845
4020 2857
4021 2857
4027 2845
4027 2866
4027 2870
4027 3015
4028 2869
4028 2887
4028 2991
4029 2928
4031 2862
4032 2845
4032 2862
4032 2866
4032 3130
4037 2928
4038 3130
4040 2865
4040 2928
4041 2928
4051 2900
4055 2928
4055 3079
4056 2928
4057 2928
4058 2928
4059 2928
4066 2900
4070 2845
4070 2866
4070 2869
4070 2870
4070 2887
4070 2900
4070 2968
4070 2991
4070 3006
4070 3015
4070 3057
4070 3128
4070 3130
4079 2887
4084 3128
4088 2869
4090 2869
4090 3015
4091 2991
4091 3003
4091 3006
4094 3015
4096 2845
4096 2870
4096 2887
4096 2900
4096 2991
4096 3034
4103 3034
4106 2866
4106 2968
4106 3006
4108 3006
4115 3015
4116 3006
4116 3057
4119 3079
4123 2866
4126 3034
4127 3057
4135 2866
4135 3015
4136 2900
4136 3006
4136 3015
4136 3130
4137 2866
4137 2900
4137 3130
4138 2869
4138 3003
4138 3130
4139 3130
4140 3130
4141 2829
4141 2866
4141 2869
4141 2870
4141 2968
4141 3015
4141 3130
4142 2869
4142 2968
4142 2991
4142 3006
4142 3130
4143 3130
4144 2869
4144 2887
4144 2991
4144 3003
4144 3015
4144 3128
4144 3130
4144 3137
4145 2968
4145 3015
4145 3130
4146 2866
4146 3130
4147 2900
4147 3130
4148 3130
4149 2829
4149 2845
4149 2866
4149 2870
4149 3015
4149 3130
4150 2991
4150 3006
4150 3128
4150 3130
4151 3130
4152 3130
4153 2866
4153 2869
4153 3003
4153 3006
4153 3128
4153 3130
4153 3137
4154 2845
4154 2866
4154 2869
4154 2870
4154 2900
4154 2968
4154 3006
4154 3130
4154 3137
4155 2845
4155 2866
4155 3130
4156 2943
4156 3130
4157 3130
4158 3006
4163 2866
4167 2870
4168 2845
4175 3006
4176 3003
4188 2869
4195 2968
4195 3015
4203 2845
4203 2870
4205 3057
4206 3015
4206 3057
4207 2829
4207 3057
4210 2870
4212 2869
4223 2845
4223 2870
4228 2845
4229 2845
4230 2845
4230 2943
4230 3006
4233 2900
4233 3015
4241 2866
4244 2866
4244 2968
4244 3006
4244 3015
4246 2866
4249 2869
4250 2829
4250 2866
4255 2870
4262 2968
4263 2968
4267 2870
4268 2870
4274 2829
4291 2866
4297 2900
4301 3099
4304 3015
4308 2866
4319 2866
4321 2887
4321 2991
4323 2829
4323 2968
4330 2968
4332 2869
4332 3128
4339 2943
4339 3006
4343 2900
4347 2866
4351 2866
4352 3096
4358 2866
4363 2968
4366 2829
4384 2866
4392 3015
4393 2866
4396 2869
4396 2900
4396 2968
4396 3003
4396 3006
4396 3079
4396 3096
4396 3128
4396 3137
4398 2869
4398 3137
4401 3003
4402 2829
4402 2869
4402 3003
4402 3006
4402 3128
4402 3137
4404 3015
4410 2866
4411 2866
4411 2869
4411 2900
4411 2968
4411 3006
4411 3015
4411 3128
4412 2866
4419 3128
4436 2900
4436 3003
4436 3006
4436 3015
4436 3137
4445 3003
4458 3006
4463 2869
4465 2968
4469 2900
4471 2829
4484 2968
4484 3015
4497 3112
4508 2869
4508 3015
4509 3137
4512 2887
4513 2869
4513 2887
4513 2900
4513 2968
4513 2991
4513 3003
4513 3006
4513 3128
4513 3137
4515 3006
4515 3079
4526 2968
4526 3015
4526 3128
4539 2869
4539 3015
4539 3128
4562 2968
4564 2869
4565 2869
4565 3137
4567 2869
4567 3003
4567 3096
4575 2900
4580 2869
4580 2900
4580 2968
4580 2991
4580 3006
4580 3015
4580 3128
4580 3137
4581 3006
4583 2991
4584 3128
4586 2991
4586 3006
4586 3079
4586 3096
4586 3137
4587 3006
4591 3137
4592 2887
4595 3079
4596 2869
4596 2887
4596 2991
4596 3006
4598 2869
4600 2887
4600 3006
4600 3079
4600 3128
4602 2900
4602 2991
4602 3128
4603 2900
4603 2968
4603 3006
4603 3015
4606 2869
4606 3006
4608 3128
4614 3015
4616 2968
4619 2869
4629 2900
4631 2968
4631 3006
4631 3015
4640 2869
4640 3015
4648 2968
4667 3096
4677 2869
4679 2869
4699 2991
4709 3006
4710 2968
4711 2968
4712 2968
4713 2968
4714 2968
4715 2968
4716 2968
4717 2968
4718 2968
4719 2968
4726 3006
4726 3137
4727 2869
4733 2900
4742 2900
4745 2887
4746 3006
4748 3015
4752 3079
4760 2900
4782 2900
4782 3006
4789 2900
4800 2900
4816 2869
4831 2991
4835 2900
4849 2900
4850 2900
4851 2900
4852 2900
4869 2869
4881 3128
4884 3006
4884 3137
4898 3006
4900 3096
4904 3006
4918 2869
4918 3006
4918 3137
4920 2869
4920 3006
4923 3079
4938 2869
4938 2887
4938 3003
4938 3006
4938 3137
4944 2869
4947 2869
4948 2991
4951 2869
4951 3003
4951 3079
4951 3128
4951 3137
4961 3128
4968 3079
4968 3128
4969 2887
4969 2991
4975 2869
4986 3006
5045 2869
5045 3006
5051 3079
5053 2869
5053 3006
5059 2869
5059 3003
5059 3096
5059 3128
5064 3128
5067 3006
5074 2869
5081 3003
5086 2869
5099 2869
5101 3006
5102 3006
5103 3006
5104 3006
5105 3006
5108 2869
5111 2869
5112 2869
5114 3137
5138 3096
5151 2869
5155 2869
5155 3003
5155 3079
5155 3128
5158 3137
5159 3079
5160 2869
5160 3003
5160 3079
5160 3128
5160 3137
5162 2869
5162 3003
5162 3079
5162 3096
5171 3096
5179 3128
5191 3003
5218 3137
5221 2869
5221 3003
5221 3079
5269 2869
5269 3128
5273 2869
5280 3096
5320 3128
5321 3128
5322 3128
5323 3128
5324 2869
5325 3128
5338 3137
5346 2869
5348 3096
5350 3003
5350 3079
5351 3003
5351 3079
5351 3096
5357 3003
5357 3137
5360 3112
5362 3003
5372 2869
5376 3079
5383 2869
5393 2869
5394 2869
5395 2869
5396 2869
5397 2869
5405 3096
5406 3079
5455 2869
5460 2869
5460 3079
5460 3096
5460 3137
5461 2869
5463 2869
5463 3096
5465 2869
5477 2869
5481 3079
5484 3137
5485 3079
5490 3003
5494 3003
5494 3079
5495 3079
5501 3096
5556 3003
5559 3003
5560 3003
5560 3079
5561 3003
5587 3096
5618 3096
5627 2869
5659 2869
5671 2869
5717 3096
5759 3096
5802 3096
5805 3096
5809 3096
5858 3096
5888 3112
5908 3096
5909 3096
5935 3096
5935 3112
5941 3096
5985 3096
