3 5821
12 5821
17 5876
27 5736
33 5821
57 5817
65 5814
65 5821
65 5928
65 5954
66 5936
67 5736
79 5675
79 5736
79 5830
79 5838
88 5821
92 5675
92 5780
92 5813
98 5669
98 5687
98 5696
98 5780
98 5814
98 5830
98 5838
98 5859
98 5898
98 5904
98 5923
98 5936
98 5937
99 5965
101 5832
101 5936
101 5954
104 5864
108 5821
113 5821
115 5711
115 5780
115 5814
128 5687
128 5796
128 5828
128 5832
137 5860
143 5830
143 5936
143 5939
147 5864
163 5928
188 5780
194 5696
220 5736
220 5796
231 5821
256 5817
256 5821
256 5936
256 5950
256 5965
279 5712
279 5751
279 5796
279 5857
279 5928
280 5718
310 5704
310 5736
310 5928
310 5936
332 5696
332 5928
361 5658
361 5704
361 5711
361 5796
361 5821
361 5870
368 5712
368 5939
370 5658
370 5675
388 5658
388 5675
388 5680
388 5687
388 5696
388 5718
388 5736
388 5777
388 5783
388 5796
388 5817
388 5830
388 5838
388 5898
388 5926
388 5937
388 5950
388 5952
441 5814
441 5827
475 5687
475 5796
475 5838
521 5796
548 5936
552 5780
572 5936
574 5936
610 5658
610 5669
610 5704
610 5718
610 5763
610 5780
610 5813
610 5814
610 5821
610 5830
610 5832
610 5859
610 5917
614 5838
614 5870
614 5928
614 5933
614 5936
620 5796
620 5813
620 5821
620 5917
630 5672
630 5796
630 5814
630 5821
630 5936
631 5939
634 5675
634 5687
634 5696
634 5712
634 5718
634 5736
634 5758
634 5783
634 5813
634 5817
634 5821
634 5827
634 5830
634 5832
634 5838
634 5853
634 5859
634 5860
634 5864
634 5870
634 5876
634 5898
634 5904
634 5917
634 5923
634 5928
634 5936
634 5939
634 5965
690 5936
690 5954
710 5687
710 5821
712 5821
742 5864
760 5704
760 5736
794 5817
829 5682
829 5814
829 5937
829 5952
837 5669
843 5864
849 5687
850 5687
886 5917
889 5736
889 5751
889 5870
889 5876
923 5718
924 5658
924 5672
924 5675
924 5682
924 5696
924 5736
924 5780
924 5796
924 5813
924 5814
924 5827
924 5832
924 5838
924 5870
924 5904
924 5937
924 5950
946 5864
947 5950
963 5696
963 5830
963 5904
963 5923
963 5928
963 5936
963 5939
963 5952
963 5965
972 5936
974 5838
974 5936
1004 5870
1019 5821
1019 5952
1147 5928
1153 5658
1153 5669
1153 5672
1153 5678
1153 5682
1153 5687
1153 5712
1153 5758
1153 5760
1153 5772
1153 5777
1153 5783
1153 5796
1153 5814
1153 5821
1153 5827
1153 5830
1153 5832
1153 5853
1153 5864
1153 5870
1153 5876
1153 5904
1153 5923
1153 5928
1153 5933
1153 5936
1153 5939
1153 5965
1164 5658
1164 5736
1164 5859
1164 5864
1174 5830
1246 5965
1266 5821
1268 5832
1304 5846
1304 5965
1307 5675
1307 5696
1307 5736
1307 5830
1307 5838
1307 5898
1307 5904
1307 5928
1307 5936
1307 5965
1310 5736
1310 5758
1367 5954
1375 5678
1375 5814
1395 5954
1417 5928
1450 5675
1450 5904
1450 5928
1450 5965
1455 5821
1470 5796
1478 5821
1478 5864
1479 5821
1479 5832
1492 5936
1505 5828
1512 5736
1512 5853
1526 5950
1536 5936
1547 5796
1550 5780
1550 5864
1551 5814
1556 5870
1598 5696
1598 5704
1598 5817
1615 5780
1615 5870
1687 5780
1687 5814
1687 5954
1700 5751
1711 5933
1756 5736
1761 5904
1800 5783
1807 5821
1819 5796
1819 5821
1826 5821
1827 5821
1827 5864
1827 5898
1850 5814
1866 5933
1893 5780
1903 5860
1910 5763
1910 5814
1910 5832
1910 5838
1926 5669
1926 5704
1926 5736
1926 5937
1936 5736
1936 5745
1936 5821
1936 5954
1943 5736
1955 5796
1955 5821
1976 5687
1976 5696
1976 5780
2014 5680
2014 5760
2014 5814
2014 5821
2014 5830
2014 5937
2014 5954
2014 5965
2016 5783
2016 5821
2027 5859
2030 5783
2047 5821
2077 5696
2077 5796
2077 5821
2077 5838
2081 5817
2101 5830
2104 5658
2104 5687
2104 5704
2104 5736
2104 5758
2104 5783
2104 5817
2104 5830
2104 5928
2104 5936
2104 5950
2104 5965
2118 5954
2120 5917
2125 5830
2138 5933
2147 5780
2161 5687
2161 5712
2161 5830
2161 5832
2161 5860
2161 5864
2161 5917
2161 5923
2161 5936
2161 5939
2166 5658
2166 5669
2166 5672
2166 5675
2166 5678
2166 5680
2166 5682
2166 5687
2166 5696
2166 5704
2166 5712
2166 5718
2166 5736
2166 5758
2166 5760
2166 5763
2166 5772
2166 5777
2166 5780
2166 5783
2166 5813
2166 5814
2166 5817
2166 5821
2166 5827
2166 5830
2166 5832
2166 5838
2166 5853
2166 5859
2166 5860
2166 5864
2166 5870
2166 5876
2166 5898
2166 5904
2166 5917
2166 5923
2166 5928
2166 5933
2166 5936
2166 5937
2166 5939
2166 5950
2166 5952
2166 5954
2166 5965
2177 5712
2177 5814
2177 5864
2177 5898
2177 5904
2177 5936
2197 5821
2214 5675
2214 5936
2238 5821
2243 5658
2243 5669
2243 5672
2243 5675
2243 5682
2243 5687
2243 5696
2243 5704
2243 5718
2243 5736
2243 5751
2243 5758
2243 5760
2243 5772
2243 5783
2243 5796
2243 5814
2243 5817
2243 5828
2243 5832
2243 5853
2243 5859
2243 5860
2243 5876
2243 5917
2243 5937
2243 5939
2243 5952
2243 5965
2245 5936
2245 5965
2258 5675
2275 5813
2275 5814
2287 5828
2309 5705
2327 5830
2335 5758
2335 5821
2335 5928
2382 5783
2386 5704
2397 5780
2423 5859
2441 5821
2441 5936
2442 5814
2442 5821
2464 5763
2467 5680
2467 5813
2483 5814
2504 5675
2504 5821
2504 5917
2506 5682
2506 5937
2506 5950
2544 5718
2544 5736
2549 5672
2549 5736
2549 5796
2549 5814
2571 5830
2571 5950
2576 5880
2582 5821
2591 5712
2591 5830
2591 5923
2591 5933
2591 5936
2595 5937
2599 5864
2599 5965
2639 5680
2639 5682
2639 5780
2639 5814
2639 5926
2639 5937
2698 5796
2698 5937
2707 5817
2707 5821
2707 5936
2707 5965
2739 5658
2739 5904
2739 5936
2766 5682
2766 5796
2775 5711
2776 5859
2785 5675
2795 5711
2795 5936
2808 5687
2815 5859
2817 5936
2818 5669
2818 5672
2818 5675
2818 5696
2818 5704
2818 5712
2818 5718
2818 5736
2818 5758
2818 5760
2818 5772
2818 5813
2818 5817
2818 5821
2818 5827
2818 5828
2818 5832
2818 5838
2818 5859
2818 5860
2818 5876
2818 5898
2818 5923
2828 5814
2830 5814
2839 5817
2839 5950
2854 5821
2857 5675
2857 5696
2857 5758
2857 5838
2857 5859
2857 5939
2857 5950
2859 5898
2863 5817
2863 5821
2866 5684
2866 5687
2866 5696
2866 5718
2866 5780
2866 5814
2867 5687
2867 5783
2868 5813
2868 5965
2869 5936
2870 5758
2870 5965
2900 5736
2900 5796
2900 5821
2900 5876
2901 5933
2914 5898
2950 5821
2958 5936
2968 5658
2968 5675
2968 5687
2968 5696
2968 5709
2968 5796
2968 5821
2968 5832
2968 5838
2968 5876
2968 5928
2968 5936
2968 5952
2979 5736
2980 5814
2980 5821
2992 5853
3003 5682
3003 5780
3006 5783
3013 5821
3014 5658
3014 5669
3014 5672
3014 5711
3014 5736
3014 5751
3014 5758
3014 5796
3014 5814
3014 5821
3014 5936
3028 5760
3032 5760
3049 5736
3057 5672
3057 5704
3057 5718
3057 5751
3057 5796
3057 5821
3057 5936
3076 5796
3076 5821
3081 5965
3096 5838
3125 5821
3126 5672
3126 5682
3126 5704
3126 5736
3126 5751
3126 5763
3126 5772
3126 5777
3126 5796
3126 5814
3126 5821
3126 5864
3126 5876
3126 5923
3126 5937
3127 5936
3145 5821
3145 5954
3211 5736
3211 5796
3244 5821
3244 5832
3251 5704
3251 5814
3251 5821
3251 5923
3251 5936
3255 5780
3255 5817
3255 5950
3265 5936
3268 5965
3300 5675
3300 5687
3300 5696
3300 5796
3300 5864
3304 5658
3304 5712
3304 5838
3304 5923
3304 5936
3310 5669
3310 5675
3310 5687
3310 5853
3325 5658
3331 5821
3352 5821
3358 5780
3358 5933
3360 5821
3367 5736
3394 5712
3394 5780
3399 5814
3399 5821
3423 5821
3444 5758
3444 5864
3444 5917
3492 5814
3492 5821
3500 5658
3500 5672
3500 5675
3500 5687
3500 5718
3500 5751
3500 5796
3500 5813
3500 5832
3500 5870
3500 5917
3500 5928
3500 5939
3523 5821
3532 5814
3532 5917
3536 5936
3568 5783
3568 5898
3596 5669
3600 5712
3600 5777
3600 5813
3600 5814
3600 5817
3600 5821
3600 5827
3600 5830
3600 5838
3600 5853
3600 5860
3600 5864
3600 5870
3600 5876
3600 5904
3600 5923
3600 5928
3600 5936
3600 5937
3600 5939
3600 5965
3606 5783
3613 5821
3614 5658
3637 5669
3637 5675
3637 5696
3637 5780
3637 5817
3637 5821
3637 5832
3637 5838
3637 5859
3637 5936
3637 5950
3638 5936
3641 5950
3646 5658
3662 5821
3664 5736
3668 5672
3668 5821
3668 5830
3682 5898
3690 5821
3706 5736
3711 5817
3718 5821
3731 5669
3731 5675
3731 5682
3731 5758
3731 5796
3731 5813
3731 5817
3731 5827
3731 5860
3731 5864
3731 5876
3731 5928
3731 5936
3731 5937
3731 5939
3731 5950
3731 5954
3731 5965
3750 5965
3751 5814
3751 5864
3789 5758
3792 5669
3792 5704
3792 5736
3792 5796
3792 5821
3792 5864
3792 5870
3797 5675
3797 5813
3811 5736
3830 5669
3830 5838
3845 5680
3845 5830
3849 5696
3849 5821
3849 5923
3849 5936
3852 5658
3852 5682
3852 5864
3852 5936
3852 5954
3882 5669
3882 5696
3882 5780
3882 5796
3883 5817
3922 5672
3922 5696
3922 5780
3922 5783
3922 5796
3926 5821
3928 5936
3933 5669
3933 5675
3933 5936
3933 5937
3947 5696
3974 5680
3974 5682
3974 5687
3974 5696
3974 5712
3974 5758
3974 5783
3974 5821
3974 5859
3974 5860
3974 5876
3974 5917
3974 5937
3974 5950
3974 5965
3985 5817
3985 5864
3986 5783
3992 5696
3992 5817
3992 5933
3999 5758
3999 5780
3999 5796
3999 5950
4005 5821
4009 5675
4009 5696
4009 5830
4009 5936
4009 5939
4013 5669
4013 5696
4013 5711
4013 5780
4013 5814
4013 5833
4013 5838
4013 5904
4013 5936
4022 5814
4022 5827
4022 5937
4027 5736
4027 5821
4031 5813
4031 5814
4031 5821
4031 5936
4049 5965
4051 5675
4051 5783
4051 5796
4051 5814
4051 5817
4051 5821
4051 5832
4051 5838
4062 5675
4064 5917
4070 5736
4070 5780
4070 5821
4070 5864
4070 5937
4085 5950
4090 5783
4090 5813
4090 5814
4091 5682
4091 5696
4091 5712
4091 5758
4091 5760
4091 5772
4091 5777
4091 5780
4091 5796
4091 5813
4091 5817
4091 5828
4091 5830
4091 5832
4091 5859
4091 5876
4091 5937
4091 5939
4091 5952
4106 5821
4106 5876
4106 5936
4116 5672
4116 5796
4116 5937
4119 5832
4132 5780
4138 5658
4138 5669
4138 5672
4138 5680
4138 5687
4138 5696
4138 5704
4138 5751
4138 5760
4138 5772
4138 5780
4138 5814
4138 5821
4138 5828
4138 5937
4142 5696
4142 5814
4142 5821
4144 5669
4144 5763
4144 5777
4144 5780
4144 5796
4144 5814
4144 5821
4144 5827
4144 5838
4144 5853
4144 5864
4144 5954
4150 5696
4153 5780
4153 5860
4153 5923
4153 5928
4153 5952
4154 5669
4154 5672
4154 5696
4154 5736
4154 5813
4154 5817
4154 5821
4154 5838
4154 5853
4154 5860
4154 5864
4154 5936
4154 5939
4161 5696
4161 5783
4161 5821
4161 5827
4164 5672
4164 5796
4164 5830
4164 5936
4166 5736
4166 5821
4166 5965
4175 5696
4184 5876
4195 5814
4202 5814
4202 5821
4202 5952
4206 5870
4212 5821
4212 5954
4229 5814
4229 5821
4229 5936
4229 5954
4233 5658
4233 5675
4244 5838
4262 5821
4262 5876
4262 5917
4262 5936
4294 5760
4297 5936
4307 5814
4307 5827
4307 5864
4321 5675
4321 5827
4321 5936
4334 5832
4334 5864
4334 5870
4335 5760
4335 5864
4335 5936
4340 5669
4340 5675
4352 5758
4352 5936
4359 5936
4364 5678
4366 5954
4368 5780
4396 5658
4396 5665
4396 5669
4396 5672
4396 5675
4396 5678
4396 5682
4396 5684
4396 5687
4396 5696
4396 5704
4396 5709
4396 5711
4396 5712
4396 5718
4396 5736
4396 5751
4396 5758
4396 5760
4396 5772
4396 5777
4396 5780
4396 5782
4396 5796
4396 5797
4396 5813
4396 5814
4396 5817
4396 5821
4396 5827
4396 5830
4396 5832
4396 5838
4396 5853
4396 5859
4396 5860
4396 5864
4396 5870
4396 5876
4396 5884
4396 5898
4396 5904
4396 5923
4396 5928
4396 5936
4396 5937
4396 5950
4396 5952
4396 5954
4396 5965
4401 5712
4401 5758
4401 5780
4401 5813
4401 5830
4401 5864
4401 5936
4401 5939
4402 5658
4402 5669
4402 5672
4402 5696
4402 5704
4402 5718
4402 5736
4402 5758
4402 5760
4402 5783
4402 5796
4411 5669
4411 5696
4411 5736
4411 5758
4417 5682
4417 5817
4419 5939
4451 5821
4458 5853
4462 5821
4463 5857
4484 5665
4484 5758
4484 5821
4484 5860
4484 5904
4487 5864
4487 5876
4513 5665
4513 5684
4513 5814
4513 5937
4515 5965
4538 5682
4560 5682
4560 5814
4565 5696
4565 5821
4565 5838
4565 5954
4565 5965
4567 5672
4567 5758
4567 5821
4567 5939
4567 5952
4567 5965
4568 5682
4568 5780
4580 5658
4580 5675
4580 5696
4580 5712
4580 5780
4580 5783
4580 5814
4580 5821
4580 5832
4580 5898
4584 5658
4584 5669
4584 5680
4584 5687
4584 5704
4584 5712
4584 5772
4584 5777
4584 5780
4584 5783
4584 5814
4584 5827
4584 5832
4584 5859
4584 5876
4584 5904
4584 5928
4584 5936
4584 5937
4584 5950
4586 5658
4586 5675
4586 5687
4586 5696
4586 5712
4586 5718
4586 5758
4586 5780
4586 5783
4586 5813
4586 5814
4586 5817
4586 5821
4586 5827
4586 5830
4586 5832
4586 5838
4586 5859
4586 5898
4586 5904
4586 5917
4586 5923
4586 5936
4586 5939
4586 5965
4590 5669
4590 5675
4590 5687
4590 5696
4590 5704
4590 5751
4590 5758
4590 5772
4590 5780
4590 5796
4590 5814
4590 5923
4590 5936
4594 5814
4594 5936
4595 5675
4595 5696
4595 5705
4598 5696
4598 5780
4598 5796
4598 5813
4598 5814
4598 5821
4598 5832
4598 5898
4598 5928
4598 5936
4598 5950
4598 5952
4599 5758
4600 5736
4600 5758
4600 5821
4600 5853
4600 5936
4601 5669
4603 5687
4603 5814
4603 5950
4604 5717
4604 5870
4604 5898
4604 5904
4604 5923
4604 5936
4604 5954
4605 5736
4606 5658
4606 5675
4606 5696
4606 5704
4606 5758
4606 5821
4606 5827
4606 5830
4606 5832
4606 5838
4606 5853
4606 5864
4606 5936
4606 5939
4606 5950
4606 5952
4607 5736
4609 5838
4619 5814
4619 5821
4619 5830
4619 5838
4631 5658
4631 5758
4631 5783
4631 5821
4640 5780
4640 5796
4640 5814
4640 5821
4641 5758
4641 5780
4641 5783
4641 5796
4641 5813
4641 5817
4667 5712
4667 5830
4667 5859
4667 5876
4667 5904
4667 5923
4667 5928
4667 5936
4667 5939
4667 5965
4672 5783
4676 5777
4677 5814
4681 5832
4687 5821
4695 5672
4695 5814
4695 5821
4695 5954
4704 5830
4704 5952
4717 5736
4726 5680
4726 5712
4726 5758
4726 5780
4726 5870
4726 5928
4726 5950
4727 5814
4727 5821
4727 5933
4728 5821
4732 5712
4732 5758
4732 5864
4738 5950
4742 5712
4742 5904
4749 5864
4752 5658
4752 5687
4752 5777
4752 5780
4752 5813
4752 5950
4760 5687
4760 5712
4760 5777
4760 5859
4760 5876
4760 5898
4760 5923
4760 5928
4762 5672
4779 5763
4782 5814
4785 5821
4786 5917
4786 5950
4800 5736
4800 5821
4800 5832
4816 5675
4816 5696
4816 5751
4816 5817
4816 5821
4825 5718
4835 5796
4835 5814
4835 5817
4835 5821
4849 5954
4854 5923
4855 5736
4869 5658
4869 5696
4876 5952
4880 5817
4882 5796
4882 5814
4882 5821
4882 5936
4882 5952
4885 5696
4885 5736
4885 5763
4885 5783
4885 5814
4885 5821
4885 5936
4885 5954
4892 5736
4892 5777
4892 5830
4898 5675
4898 5687
4898 5696
4898 5712
4898 5783
4898 5814
4898 5821
4898 5832
4898 5838
4898 5859
4898 5860
4898 5904
4898 5965
4900 5696
4900 5821
4900 5864
4900 5936
4918 5658
4918 5675
4918 5696
4920 5696
4920 5736
4920 5758
4920 5780
4920 5814
4920 5821
4920 5838
4920 5864
4920 5954
4922 5830
4922 5923
4922 5952
4923 5672
4923 5675
4923 5696
4923 5760
4923 5813
4923 5814
4923 5821
4934 5821
4935 5658
4935 5780
4935 5796
4935 5814
4935 5821
4938 5669
4938 5672
4938 5763
4938 5917
4938 5928
4938 5937
4944 5780
4946 5827
4946 5936
4947 5672
4947 5675
4947 5696
4947 5758
4947 5780
4947 5814
4947 5954
4969 5711
4980 5965
4990 5904
4999 5780
4999 5796
4999 5814
4999 5821
4999 5954
5000 5758
5004 5936
5016 5758
5016 5763
5016 5796
5016 5821
5016 5827
5016 5864
5016 5923
5016 5928
5016 5950
5018 5965
5029 5965
5031 5678
5031 5696
5031 5711
5031 5746
5031 5751
5031 5752
5031 5865
5031 5905
5031 5929
5031 5933
5031 5936
5031 5952
5042 5830
5051 5675
5051 5682
5051 5687
5051 5696
5051 5780
5051 5796
5051 5821
5059 5669
5059 5687
5059 5696
5059 5712
5059 5813
5059 5817
5059 5860
5059 5904
5059 5950
5066 5817
5074 5658
5074 5711
5074 5777
5074 5796
5074 5814
5074 5828
5074 5859
5074 5870
5074 5928
5074 5952
5081 5704
5081 5780
5086 5696
5086 5814
5086 5954
5099 5821
5105 5675
5105 5923
5108 5696
5108 5814
5108 5821
5108 5864
5108 5936
5111 5658
5111 5696
5111 5780
5111 5821
5111 5832
5111 5876
5111 5936
5112 5675
5112 5678
5112 5696
5112 5780
5112 5821
5112 5898
5112 5939
5112 5950
5114 5813
5114 5814
5114 5827
5114 5832
5114 5898
5114 5917
5114 5936
5114 5954
5117 5928
5137 5696
5137 5821
5138 5678
5138 5680
5138 5682
5138 5712
5138 5777
5138 5796
5138 5813
5138 5814
5138 5817
5138 5821
5138 5827
5138 5830
5138 5832
5138 5838
5138 5843
5138 5853
5138 5859
5138 5860
5138 5864
5138 5870
5138 5876
5138 5898
5138 5904
5138 5917
5138 5923
5138 5928
5138 5933
5138 5936
5138 5937
5138 5950
5138 5952
5138 5954
5138 5965
5139 5965
5153 5796
5153 5814
5155 5658
5155 5669
5155 5675
5155 5696
5155 5704
5155 5711
5155 5712
5155 5718
5155 5736
5155 5777
5155 5860
5155 5870
5155 5876
5155 5898
5155 5904
5158 5675
5158 5680
5158 5696
5158 5772
5158 5780
5158 5783
5158 5804
5158 5814
5158 5821
5158 5853
5158 5937
5158 5950
5159 5669
5159 5675
5159 5687
5159 5696
5159 5709
5159 5758
5159 5772
5159 5780
5159 5817
5159 5821
5159 5832
5159 5838
5160 5821
5162 5672
5162 5675
5162 5687
5162 5696
5162 5712
5162 5718
5162 5758
5162 5760
5162 5772
5162 5783
5162 5796
5162 5813
5162 5817
5162 5821
5162 5827
5162 5830
5162 5832
5162 5838
5162 5853
5162 5859
5162 5860
5162 5898
5162 5904
5162 5933
5162 5936
5162 5939
5162 5954
5162 5965
5165 5772
5171 5736
5171 5838
5171 5864
5176 5736
5191 5813
5191 5814
5191 5817
5199 5814
5207 5821
5213 5675
5219 5712
5219 5847
5219 5928
5221 5658
5221 5669
5221 5672
5221 5675
5221 5696
5221 5704
5221 5711
5221 5718
5221 5736
5221 5758
5221 5760
5221 5765
5221 5780
5221 5783
5221 5813
5221 5814
5221 5821
5221 5827
5221 5832
5221 5838
5237 5821
5239 5814
5249 5736
5249 5821
5253 5672
5253 5760
5253 5783
5253 5817
5253 5860
5253 5904
5259 5838
5259 5952
5261 5678
5261 5696
5261 5780
5261 5937
5264 5736
5265 5939
5269 5696
5269 5704
5269 5711
5269 5718
5269 5751
5269 5760
5269 5814
5269 5832
5272 5696
5272 5711
5280 5696
5283 5696
5283 5783
5290 5838
5317 5898
5324 5814
5325 5860
5326 5669
5330 5712
5330 5780
5330 5783
5337 5704
5337 5814
5337 5827
5337 5870
5339 5865
5342 5936
5346 5704
5346 5736
5346 5814
5348 5687
5348 5853
5350 5658
5350 5675
5351 5669
5351 5672
5351 5675
5351 5678
5351 5680
5351 5682
5351 5687
5351 5696
5351 5736
5351 5751
5351 5758
5351 5780
5351 5783
5351 5813
5351 5814
5351 5817
5351 5821
5351 5827
5351 5828
5351 5830
5351 5832
5351 5838
5351 5853
5351 5859
5351 5860
5351 5870
5351 5876
5351 5898
5351 5904
5351 5923
5351 5928
5351 5936
5351 5939
5351 5952
5358 5672
5358 5696
5358 5758
5358 5777
5358 5780
5358 5898
5358 5923
5358 5933
5358 5937
5358 5950
5360 5711
5360 5718
5360 5796
5360 5814
5360 5898
5360 5923
5362 5687
5362 5696
5362 5780
5362 5821
5362 5917
5366 5680
5366 5898
5372 5672
5372 5675
5372 5687
5372 5751
5372 5760
5372 5772
5372 5783
5372 5796
5372 5814
5372 5853
5372 5928
5372 5933
5376 5672
5376 5687
5376 5782
5376 5783
5376 5796
5376 5813
5376 5817
5376 5821
5376 5936
5376 5937
5376 5950
5379 5772
5379 5777
5379 5796
5379 5904
5380 5682
5380 5853
5380 5936
5383 5842
5383 5917
5383 5937
5397 5687
5397 5758
5397 5830
5397 5923
5397 5928
5405 5696
5405 5711
5405 5830
5405 5898
5405 5904
5405 5923
5405 5928
5405 5936
5405 5937
5405 5939
5405 5952
5405 5965
5417 5780
5417 5814
5417 5898
5417 5904
5417 5923
5424 5696
5433 5678
5433 5696
5433 5939
5438 5796
5452 5780
5452 5870
5452 5904
5452 5950
5453 5933
5454 5712
5454 5751
5454 5777
5454 5813
5454 5814
5454 5817
5454 5838
5454 5853
5454 5859
5454 5860
5454 5864
5454 5876
5454 5898
5454 5904
5455 5696
5455 5780
5455 5783
5455 5814
5455 5824
5455 5827
5455 5838
5455 5860
5456 5680
5456 5682
5456 5712
5456 5777
5456 5780
5456 5814
5456 5827
5456 5830
5456 5832
5456 5838
5456 5853
5456 5859
5456 5860
5456 5864
5456 5870
5456 5876
5456 5904
5456 5917
5456 5923
5456 5928
5456 5936
5456 5937
5456 5939
5456 5950
5456 5952
5456 5954
5456 5965
5458 5712
5458 5859
5458 5898
5458 5904
5458 5923
5458 5928
5458 5933
5458 5936
5458 5965
5459 5821
5460 5675
5460 5682
5460 5687
5460 5718
5460 5758
5460 5777
5460 5780
5460 5783
5460 5813
5460 5817
5460 5821
5460 5827
5460 5832
5460 5838
5460 5853
5460 5859
5460 5860
5460 5864
5460 5952
5460 5965
5461 5672
5461 5680
5461 5763
5461 5780
5461 5864
5462 5672
5462 5758
5462 5783
5462 5796
5462 5814
5462 5821
5462 5827
5462 5832
5462 5860
5462 5936
5463 5687
5463 5696
5463 5712
5463 5718
5463 5736
5463 5758
5463 5760
5463 5783
5463 5813
5463 5814
5463 5817
5463 5821
5463 5827
5463 5830
5463 5832
5463 5838
5463 5853
5463 5859
5463 5860
5463 5864
5463 5870
5463 5876
5463 5898
5463 5904
5463 5917
5463 5923
5463 5928
5463 5936
5463 5939
5463 5952
5464 5712
5464 5813
5464 5814
5464 5859
5464 5876
5464 5898
5464 5904
5464 5928
5464 5933
5464 5936
5465 5672
5465 5687
5465 5736
5465 5758
5465 5760
5465 5772
5465 5777
5465 5783
5465 5796
5465 5814
5465 5828
5465 5864
5465 5870
5465 5904
5465 5923
5465 5936
5465 5937
5465 5950
5469 5814
5470 5696
5470 5758
5470 5780
5470 5814
5473 5696
5477 5696
5477 5736
5477 5758
5477 5772
5477 5814
5477 5817
5477 5828
5477 5842
5477 5939
5481 5672
5481 5680
5481 5682
5481 5696
5481 5718
5481 5736
5481 5751
5481 5758
5481 5760
5481 5780
5481 5783
5481 5814
5481 5827
5481 5937
5481 5950
5481 5952
5481 5965
5482 5821
5482 5864
5484 5672
5484 5772
5485 5680
5485 5687
5485 5696
5485 5712
5485 5758
5485 5780
5485 5783
5485 5796
5485 5813
5485 5817
5485 5821
5485 5830
5485 5832
5485 5838
5485 5923
5485 5928
5485 5936
5485 5950
5485 5952
5488 5772
5490 5687
5497 5758
5501 5772
5501 5796
5507 5832
5507 5860
5507 5864
5507 5870
5507 5936
5515 5904
5517 5696
5517 5780
5517 5796
5517 5936
5517 5950
5518 5783
5518 5936
5520 5669
5520 5796
5530 5687
5530 5830
5530 5853
5544 5821
5544 5838
5544 5936
5545 5830
5549 5814
5551 5796
5560 5658
5560 5678
5565 5870
5566 5821
5581 5672
5581 5687
5581 5758
5581 5821
5581 5833
5581 5838
5581 5864
5581 5870
5581 5952
5582 5780
5583 5796
5584 5783
5584 5814
5584 5838
5585 5687
5585 5780
5586 5821
5587 5678
5587 5687
5587 5696
5587 5712
5587 5718
5587 5758
5587 5777
5587 5796
5587 5813
5587 5814
5587 5817
5587 5821
5587 5827
5587 5830
5587 5832
5587 5838
5587 5853
5587 5859
5587 5860
5587 5864
5587 5870
5587 5876
5587 5898
5587 5904
5587 5923
5587 5928
5587 5936
5587 5939
5587 5965
5589 5680
5589 5704
5589 5772
5589 5853
5589 5936
5592 5672
5592 5736
5592 5772
5592 5780
5592 5814
5592 5838
5592 5860
5592 5864
5593 5772
5594 5814
5594 5817
5594 5950
5595 5736
5595 5751
5595 5780
5595 5783
5595 5796
5595 5814
5597 5669
5597 5783
5598 5904
5605 5736
5606 5687
5606 5898
5606 5904
5612 5904
5614 5884
5614 5904
5616 5696
5617 5712
5617 5796
5617 5859
5617 5876
5618 5678
5618 5712
5618 5814
5618 5830
5618 5838
5618 5853
5618 5864
5618 5898
5618 5904
5618 5917
5618 5923
5618 5928
5618 5936
5618 5939
5618 5950
5619 5758
5619 5772
5619 5821
5619 5928
5619 5936
5627 5687
5627 5696
5627 5758
5627 5814
5627 5821
5627 5832
5633 5859
5633 5870
5633 5898
5633 5950
5640 5680
5647 5675
5647 5696
5647 5950
5650 5696
5652 5696
5652 5923
5652 5936
5655 5783
5657 5675
5657 5696
5657 5780
5657 5783
5657 5813
5657 5817
5657 5860
5657 5876
5657 5936
5659 5672
5659 5777
5659 5936
5661 5658
5663 5682
5663 5780
5664 5658
5665 5675
5665 5813
5668 5669
5668 5787
5672 5675
5672 5678
5672 5780
5672 5796
5672 5814
5672 5821
5672 5898
5672 5928
5672 5933
5672 5939
5673 5675
5673 5772
5674 5675
5678 5780
5678 5830
5678 5936
5678 5939
5678 5950
5679 5780
5679 5936
5681 5711
5681 5712
5681 5814
5681 5821
5681 5827
5681 5832
5681 5936
5682 5712
5682 5777
5682 5780
5682 5814
5682 5830
5682 5853
5682 5876
5682 5936
5682 5952
5684 5684
5684 5696
5684 5780
5684 5832
5684 5838
5684 5860
5687 5696
5687 5718
5687 5780
5687 5821
5687 5838
5688 5758
5689 5821
5692 5712
5692 5813
5692 5817
5692 5904
5692 5952
5694 5780
5694 5821
5694 5827
5694 5954
5697 5687
5703 5704
5707 5780
5707 5830
5710 5711
5712 5936
5713 5718
5713 5814
5713 5821
5714 5718
5715 5718
5716 5718
5717 5780
5717 5830
5723 5758
5730 5736
5731 5736
5732 5736
5733 5760
5733 5821
5733 5830
5735 5760
5745 5813
5745 5828
5745 5838
5745 5860
5745 5864
5747 5672
5747 5817
5748 5827
5749 5750
5754 5777
5754 5780
5757 5758
5759 5760
5759 5814
5759 5870
5759 5937
5759 5939
5765 5817
5765 5830
5770 5772
5771 5772
5774 5672
5775 5672
5776 5672
5777 5780
5777 5923
5777 5939
5778 5780
5779 5780
5781 5817
5785 5796
5785 5813
5785 5817
5785 5827
5785 5838
5786 5687
5788 5813
5788 5817
5789 5917
5791 5950
5791 5965
5792 5814
5792 5923
5792 5928
5793 5832
5793 5838
5794 5796
5795 5796
5795 5853
5795 5898
5795 5904
5795 5936
5797 5682
5797 5813
5797 5817
5798 5813
5798 5817
5801 5814
5802 5821
5802 5830
5802 5853
5802 5859
5802 5860
5802 5864
5802 5936
5803 5827
5807 5814
5807 5954
5809 5678
5809 5777
5809 5814
5809 5817
5809 5821
5809 5834
5809 5870
5809 5876
5809 5928
5809 5936
5809 5942
5810 5814
5811 5814
5812 5814
5815 5815
5818 5821
5820 5821
5823 5950
5825 5827
5826 5827
5828 5838
5829 5682
5830 5712
5830 5832
5831 5838
5835 5838
5835 5965
5836 5838
5837 5838
5837 5898
5841 5853
5841 5860
5841 5937
5842 5686
5842 5844
5842 5864
5842 5865
5847 5678
5847 5917
5849 5763
5851 5682
5851 5712
5851 5859
5851 5860
5851 5864
5851 5936
5851 5939
5851 5965
5852 5853
5854 5853
5855 5682
5855 5853
5855 5898
5856 5853
5858 5859
5858 5917
5858 5952
5858 5965
5861 5860
5861 5870
5861 5937
5862 5712
5862 5830
5862 5860
5862 5904
5862 5933
5862 5936
5863 5864
5866 5870
5867 5870
5868 5870
5869 5870
5874 5904
5876 5936
5877 5682
5877 5780
5877 5814
5877 5876
5877 5952
5878 5904
5879 5680
5879 5780
5879 5814
5879 5936
5879 5937
5879 5950
5879 5954
5881 5898
5883 5954
5885 5898
5885 5904
5887 5898
5888 5717
5888 5777
5888 5780
5888 5814
5888 5884
5888 5933
5888 5936
5888 5937
5890 5928
5890 5936
5891 5898
5892 5898
5893 5898
5894 5898
5896 5678
5896 5814
5896 5898
5896 5933
5897 5898
5899 5904
5900 5904
5901 5904
5902 5904
5903 5904
5906 5923
5906 5933
5906 5936
5906 5965
5911 5917
5912 5680
5912 5917
5912 5950
5913 5917
5914 5682
5914 5917
5915 5780
5915 5917
5916 5917
5918 5952
5919 5923
5919 5933
5927 5952
5930 5933
5931 5933
5932 5933
5935 5936
5937 5814
5938 5830
5940 5678
5943 5830
5944 5830
5953 5954
5963 5965
5964 5965
5966 5952
5973 5763
5973 5814
5973 5952
5987 5780
5987 5814
5999 5682
5999 5763
5999 5790
5999 5814
6000 5682
6000 5780
6001 5682
6003 5682
6006 5814
6042 5952
6043 5952
6044 5952
6048 5814
6051 5780
6051 5937
6052 5780
6086 5682
6086 5780
6086 5937
6089 5814
6092 5680
6093 5680
6093 5926
6093 5937
6094 5680
6094 5937
6094 5950
6097 5950
6098 5780
6100 5682
6100 5780
6100 5926
6100 5937
6111 5814
6124 5682
6124 5780
6144 5780
6144 5950
6155 5763
6156 5780
6164 5780
6164 5814
6166 5814
6167 5814
6167 5937
6168 5814
6170 5682
6179 5682
6188 5682
6189 5780
6192 5780
6204 5680
6204 5937
6207 5780
6212 5780
6222 5780
6237 5680
6238 5680
6242 5950
6243 5950
