0 25
0 27
0 36
0 51
0 97
0 125
0 147
0 151
0 173
0 226
0 236
0 245
0 292
0 293
0 310
1 25
1 27
1 35
1 200
1 303
1 309
2 3
2 5
2 20
2 27
2 35
2 47
2 51
2 52
2 58
2 80
2 108
2 126
2 134
2 138
2 139
2 144
2 244
3 0
3 5
3 16
3 20
3 25
3 26
3 27
3 31
3 32
3 35
3 36
3 47
3 51
3 52
3 53
3 58
3 75
3 78
3 80
3 108
3 112
3 114
3 118
3 124
3 127
3 134
3 139
3 147
3 151
3 152
3 175
3 178
3 184
3 185
3 186
3 189
3 193
3 200
3 206
3 208
3 213
3 214
3 215
3 217
3 226
3 227
3 228
3 231
3 236
3 237
3 243
3 244
3 245
3 246
3 249
3 251
3 262
3 264
3 267
3 270
3 283
3 292
3 293
3 298
3 300
3 302
3 303
3 309
3 310
3 312
4 3
4 25
4 27
4 32
4 35
4 51
4 52
4 58
4 70
4 186
4 215
4 226
4 244
5 3
5 16
5 20
5 25
5 27
5 31
5 33
5 36
5 46
5 47
5 51
5 52
5 53
5 58
5 70
5 75
5 78
5 80
5 108
5 112
5 114
5 118
5 123
5 124
5 125
5 127
5 134
5 139
5 144
5 147
5 151
5 152
5 173
5 175
5 178
5 182
5 184
5 189
5 193
5 200
5 206
5 208
5 211
5 214
5 226
5 228
5 231
5 232
5 236
5 244
5 245
5 246
5 253
5 255
5 264
5 267
5 283
5 285
5 292
5 293
5 298
5 300
5 302
5 303
5 309
5 310
5 312
6 20
6 25
6 27
6 31
6 51
6 52
6 58
6 70
6 75
6 78
6 114
6 124
6 139
6 184
6 186
6 206
6 214
6 217
6 226
6 228
6 244
6 270
6 283
6 292
6 298
6 303
6 309
7 0
7 3
7 5
7 16
7 20
7 25
7 27
7 31
7 35
7 47
7 51
7 80
7 94
7 112
7 114
7 127
7 134
7 139
7 144
7 152
7 173
7 175
7 178
7 206
7 208
7 211
7 217
7 226
7 228
7 231
7 236
7 246
7 251
7 255
7 264
8 3
8 5
8 12
8 16
8 20
8 25
8 26
8 27
8 31
8 32
8 33
8 35
8 46
8 47
8 51
8 52
8 53
8 58
8 67
8 70
8 78
8 80
8 94
8 108
8 112
8 124
8 127
8 134
8 139
8 141
8 147
8 152
8 173
8 175
8 178
8 182
8 185
8 186
8 187
8 203
8 206
8 208
8 211
8 213
8 215
8 217
8 226
8 228
8 232
8 236
8 243
8 244
8 251
8 253
8 255
8 258
8 262
8 264
8 270
8 276
8 278
8 282
8 294
8 311
9 25
9 27
9 75
9 178
9 189
9 193
9 206
9 211
9 213
9 215
9 228
9 232
9 236
9 244
9 293
9 298
9 302
10 27
10 147
10 175
10 189
10 206
10 208
10 226
10 285
11 0
11 20
11 25
11 27
11 29
11 46
11 51
11 52
11 53
11 58
11 70
11 108
11 123
11 125
11 147
11 151
11 152
11 175
11 178
11 182
11 184
11 193
11 206
11 215
11 217
11 226
11 232
11 244
11 270
11 282
11 298
11 303
11 310
12 5
12 20
12 25
12 27
12 29
12 35
12 46
12 51
12 52
12 53
12 58
12 94
12 125
12 173
13 25
13 27
14 0
14 5
14 25
14 27
14 32
14 47
14 51
14 52
14 97
14 108
14 114
14 152
14 173
14 214
14 217
14 226
14 227
14 232
14 283
14 298
15 27
15 33
15 52
15 253
16 0
16 3
16 20
16 25
16 27
16 35
16 47
16 51
16 52
16 58
16 80
16 108
16 112
16 124
16 127
16 134
16 139
16 151
16 152
16 173
16 175
16 178
16 206
16 208
16 213
16 217
16 226
16 228
16 236
16 244
16 310
17 0
17 3
17 16
17 27
17 31
17 33
17 47
17 51
17 52
17 53
17 58
17 70
17 75
17 80
17 94
17 112
17 114
17 118
17 124
17 139
17 151
17 152
17 175
17 182
17 189
17 206
17 208
17 211
17 213
17 214
17 217
17 226
17 228
17 232
17 236
17 251
17 253
17 255
17 266
17 267
17 270
17 283
17 292
17 294
17 303
17 309
17 310
18 25
18 27
18 32
18 51
18 58
18 70
18 78
18 80
18 94
18 114
18 118
18 123
18 139
18 152
18 178
18 193
18 200
18 206
18 208
18 226
18 244
18 253
18 278
18 298
18 309
19 27
20 26
20 27
20 35
20 47
20 52
20 75
20 108
20 114
20 134
20 139
20 144
20 152
20 193
20 208
20 213
20 226
20 231
20 232
20 245
20 253
20 258
20 270
21 0
21 5
21 12
21 16
21 25
21 27
21 31
21 32
21 33
21 47
21 51
21 112
21 123
21 186
21 187
21 211
21 215
21 226
21 231
21 244
21 255
21 256
21 266
21 278
21 292
21 309
21 312
22 20
22 25
22 26
22 32
22 47
22 51
22 52
22 70
22 75
22 78
22 125
22 151
22 182
22 184
22 203
22 208
22 211
22 226
22 231
22 244
22 251
22 253
22 255
22 270
22 283
22 292
22 298
22 303
22 309
22 310
22 312
23 0
23 3
23 16
23 20
23 25
23 31
23 35
23 36
23 47
23 51
23 52
23 53
23 75
23 80
23 108
23 112
23 114
23 118
23 124
23 125
23 127
23 134
23 139
23 151
23 152
23 173
23 175
23 178
23 184
23 189
23 193
23 206
23 208
23 213
23 214
23 217
23 226
23 228
23 236
23 244
23 245
23 246
23 251
23 255
23 270
23 283
23 285
23 292
23 293
23 298
23 300
23 302
23 303
23 309
23 310
23 312
24 3
24 12
24 16
24 25
24 31
24 52
24 112
24 114
24 118
24 125
24 151
24 152
24 175
24 178
24 184
24 226
24 228
24 231
24 232
24 246
24 251
24 255
24 264
24 270
24 292
24 302
24 309
24 310
24 312
25 0
25 3
25 5
25 16
25 26
25 31
25 32
25 35
25 46
25 47
25 51
25 52
25 58
25 70
25 75
25 78
25 108
25 112
25 114
25 123
25 124
25 125
25 127
25 134
25 147
25 151
25 173
25 175
25 182
25 184
25 186
25 189
25 193
25 206
25 208
25 215
25 217
25 226
25 227
25 231
25 232
25 244
25 246
25 249
25 255
25 258
25 264
25 267
25 270
25 298
25 309
26 0
26 20
26 25
26 36
26 47
26 51
26 52
26 53
26 78
26 94
26 108
26 118
26 123
26 124
26 125
26 127
26 152
26 173
26 186
26 200
26 203
26 208
26 217
26 226
26 227
26 228
26 232
26 236
26 244
26 245
26 253
26 258
26 262
26 267
26 292
26 298
26 300
26 302
28 46
28 70
29 70
30 5
30 35
30 47
30 51
30 53
30 108
30 118
30 147
30 152
30 173
31 0
31 3
31 36
31 51
32 0
32 36
32 47
32 51
32 112
32 114
32 124
32 125
32 152
32 173
32 184
32 185
32 200
32 213
32 215
32 217
32 226
32 228
32 244
32 245
32 283
32 292
32 298
32 302
32 309
32 312
33 12
33 25
33 32
33 35
33 47
33 51
33 52
33 75
33 78
33 80
33 125
33 167
33 184
33 186
33 189
33 211
33 226
33 228
33 232
33 244
33 249
33 253
33 255
33 258
33 267
33 270
33 276
33 278
33 292
33 298
33 309
33 312
34 47
34 51
34 139
34 175
34 208
34 270
34 309
35 51
35 52
35 70
35 125
35 151
35 231
36 3
36 5
36 20
36 25
36 26
36 32
36 47
36 51
36 75
36 108
36 114
36 125
36 134
36 139
36 151
36 175
36 208
36 226
36 232
36 264
36 270
36 285
37 51
37 52
37 173
37 175
37 208
37 213
37 227
37 228
37 244
38 0
38 25
38 51
38 53
38 70
38 118
38 124
38 152
38 184
38 185
38 208
38 226
38 267
38 283
38 298
38 300
39 16
39 20
39 25
39 31
39 47
39 51
39 52
39 53
39 70
39 75
39 94
39 147
39 178
39 206
39 208
39 215
39 226
39 228
39 236
39 243
39 244
39 292
39 298
40 51
40 151
41 12
41 51
41 127
41 182
41 215
41 311
42 51
42 52
42 244
43 0
43 33
43 51
43 53
43 112
43 123
43 125
43 151
43 173
43 182
43 208
43 211
43 226
43 231
43 232
43 236
43 245
43 246
43 270
43 292
43 309
43 310
44 0
44 16
44 25
44 47
44 51
44 52
44 53
44 58
44 75
44 108
44 114
44 118
44 124
44 125
44 127
44 134
44 139
44 147
44 151
44 175
44 184
44 200
44 206
44 208
44 213
44 226
44 228
44 232
44 236
44 237
44 244
44 249
44 262
44 267
44 278
44 298
45 51
45 78
45 139
45 173
45 206
45 208
45 226
45 232
45 255
45 298
46 25
46 51
46 309
47 20
47 25
47 51
47 58
47 127
47 175
47 178
47 206
47 208
47 213
47 217
47 226
48 51
48 52
48 75
48 144
48 173
48 231
48 270
49 51
50 12
50 25
50 51
51 0
51 25
51 173
51 244
51 298
51 312
52 3
52 5
52 25
52 26
52 33
52 35
52 58
52 70
52 75
52 78
52 114
52 125
52 173
52 175
52 200
52 206
52 208
52 226
52 244
52 249
52 253
52 258
52 262
52 266
52 270
52 292
52 298
52 309
52 312
53 3
53 46
53 58
53 94
53 125
53 144
53 159
53 173
54 52
54 58
54 186
54 226
54 244
55 12
55 20
55 25
55 47
55 52
55 58
55 70
55 75
55 80
55 108
55 112
55 127
55 134
55 152
55 213
55 226
55 228
55 244
55 255
55 267
55 270
56 0
56 12
56 25
56 46
56 53
56 58
56 78
56 125
56 138
56 139
56 167
56 173
56 178
56 186
56 208
56 226
56 243
56 309
56 310
56 311
57 58
59 3
59 200
59 231
59 303
59 309
60 3
61 3
62 3
62 80
63 3
63 25
63 52
63 53
63 125
63 152
63 232
63 282
64 53
64 70
64 112
64 147
64 173
64 228
64 232
64 298
65 12
65 53
65 67
65 70
65 108
65 226
66 16
66 32
66 47
66 52
66 75
66 78
66 124
66 139
66 184
66 186
66 193
66 213
66 226
66 244
66 264
66 298
66 309
67 5
67 25
67 36
67 53
67 80
67 147
67 151
67 167
67 184
67 189
67 193
67 200
67 217
67 226
67 244
67 258
67 266
67 267
67 285
67 309
67 310
68 0
68 5
68 70
68 173
68 200
68 228
68 303
69 25
69 26
69 32
69 46
69 52
69 53
69 70
69 78
69 127
69 147
69 186
69 208
69 213
69 226
69 244
69 249
69 262
69 266
69 278
69 298
70 5
70 25
70 53
70 125
70 127
70 203
70 244
70 309
71 5
72 25
72 46
72 144
72 173
72 178
72 226
72 244
72 303
73 25
73 53
73 214
73 217
74 52
74 70
74 193
74 208
74 226
74 244
74 256
74 258
74 285
74 298
74 309
75 26
75 47
75 52
75 70
75 78
75 123
75 124
75 139
75 193
75 208
75 211
75 226
75 231
75 232
75 244
75 249
75 255
75 256
75 264
75 267
75 270
75 283
75 298
75 309
76 52
77 310
78 32
78 47
78 52
78 53
78 123
78 186
78 200
78 215
78 226
78 232
78 244
78 249
78 253
78 258
78 270
78 276
79 12
79 25
79 26
79 32
79 33
79 52
79 53
79 70
79 78
79 123
79 124
79 127
79 152
79 167
79 215
79 226
79 232
79 237
79 244
79 249
79 258
79 262
79 292
79 303
79 311
80 12
80 32
80 53
80 78
80 124
80 139
80 200
80 226
80 255
81 12
81 20
81 25
81 26
81 32
81 36
81 52
81 67
81 70
81 78
81 141
81 167
81 173
81 200
81 208
81 226
81 237
81 253
81 266
81 282
82 52
83 94
83 139
84 126
85 53
85 78
85 152
85 173
85 178
85 226
85 246
85 247
85 292
85 298
86 97
87 53
87 78
87 186
88 226
89 31
89 189
90 25
90 53
90 70
90 125
90 200
92 25
92 70
92 75
92 151
92 211
92 226
92 251
92 309
93 25
93 52
93 70
93 123
93 125
93 147
93 208
93 232
93 244
93 253
93 298
95 52
95 244
98 167
98 237
99 26
99 186
99 249
99 251
99 255
99 258
99 262
99 267
100 0
100 36
100 75
100 78
100 226
100 245
100 251
100 253
100 312
101 5
101 12
101 26
101 53
101 70
101 85
101 112
101 118
101 125
101 178
101 186
101 200
101 237
101 283
101 309
102 12
103 294
104 12
104 125
104 167
106 25
106 26
106 32
106 33
106 52
106 173
106 226
106 247
106 258
106 262
106 266
107 26
107 52
107 70
107 78
107 186
107 226
107 266
108 0
108 12
108 25
108 32
108 125
108 147
108 167
108 186
108 189
108 208
108 215
108 217
108 226
108 232
108 237
108 270
108 276
108 290
109 25
109 26
109 78
109 108
109 173
109 175
109 226
109 292
109 298
109 311
110 52
110 244
111 78
111 125
111 151
111 226
111 298
112 16
112 32
112 53
112 125
112 167
112 226
112 244
112 255
112 270
112 309
113 114
113 292
113 302
113 309
113 312
114 211
114 255
115 12
115 16
115 75
115 112
115 123
115 147
115 189
115 214
115 217
115 293
116 0
116 16
116 25
116 33
116 52
116 78
116 80
116 112
116 124
116 134
116 139
116 182
116 186
116 193
116 206
116 208
116 211
116 215
116 226
116 228
116 232
116 243
116 253
116 262
116 309
116 312
117 0
117 5
117 25
117 46
117 70
117 78
117 186
117 208
117 226
117 232
117 244
117 267
118 36
118 75
118 114
118 184
118 214
118 232
118 283
118 285
118 292
118 293
118 298
118 300
118 303
118 309
119 151
119 200
119 226
119 246
119 303
119 309
119 310
120 0
120 16
120 25
120 26
120 32
120 33
120 75
120 112
120 114
120 141
120 151
120 152
120 167
120 173
120 175
120 184
120 206
120 208
120 226
120 228
120 243
120 244
120 246
120 258
120 262
120 278
120 283
120 303
120 309
120 312
121 173
121 226
122 25
122 226
122 249
122 255
122 256
122 264
123 147
123 189
123 231
123 310
124 25
124 26
124 75
124 78
124 151
124 186
124 193
124 226
124 253
124 267
124 282
125 25
125 32
125 47
125 52
125 53
125 70
125 151
125 173
125 208
126 47
127 12
127 20
127 25
127 26
127 47
127 75
127 124
127 139
127 147
127 167
127 182
127 208
127 232
127 249
127 251
127 253
127 255
127 267
127 292
127 309
128 47
128 70
128 80
128 173
129 47
129 139
129 215
130 20
130 26
130 47
130 53
130 118
130 151
130 167
130 226
130 237
130 256
130 258
130 270
131 125
132 52
132 70
132 127
132 244
132 278
133 80
133 139
133 245
134 226
135 32
135 124
136 36
136 125
137 32
137 70
137 78
137 125
137 141
137 167
137 173
137 200
137 215
137 217
137 226
137 227
137 228
137 237
137 249
139 244
140 25
140 75
140 213
141 20
141 32
141 185
141 187
141 244
142 20
142 235
143 12
143 32
143 78
143 144
143 185
143 187
143 215
143 226
143 243
143 244
143 249
143 256
143 258
143 259
143 262
143 266
143 267
143 278
143 290
143 311
144 52
145 16
145 26
145 32
145 127
145 226
145 278
146 114
146 152
146 186
146 311
147 0
147 151
147 152
147 186
147 226
147 232
147 258
147 310
148 114
148 152
148 246
148 249
148 251
148 253
148 292
148 293
149 0
149 75
149 112
149 114
149 151
149 152
149 175
149 226
149 228
149 244
149 293
149 309
150 152
150 226
151 78
151 152
151 167
151 226
151 255
153 173
153 266
154 26
154 33
154 78
154 114
154 173
154 186
154 200
154 235
154 267
154 292
154 312
155 173
156 173
157 173
157 309
158 173
158 311
159 25
159 36
159 53
159 173
159 253
160 78
160 167
160 186
160 270
160 300
161 215
162 125
162 215
164 33
164 52
164 70
164 75
164 208
164 226
164 232
165 114
165 246
166 215
166 244
168 78
168 118
168 123
168 125
168 232
169 25
169 178
170 215
170 226
174 25
174 32
174 147
174 175
174 208
174 213
174 226
174 232
174 243
174 244
174 251
174 255
174 266
174 276
174 292
174 294
175 78
175 266
176 178
177 52
179 25
179 114
179 232
179 283
179 285
179 292
180 25
180 292
181 0
181 25
181 75
181 184
181 213
181 246
181 270
181 285
181 292
181 298
181 300
182 25
182 125
182 226
182 232
183 25
184 25
184 52
184 243
185 25
185 32
185 226
186 25
186 232
186 244
187 25
187 141
187 243
188 25
188 32
188 78
188 112
188 144
188 147
188 186
188 193
188 211
188 231
188 266
189 25
189 147
189 186
189 226
189 232
190 25
191 25
192 25
192 226
193 25
193 75
193 123
193 124
193 147
193 151
193 189
193 213
193 226
193 232
193 245
193 251
193 253
193 255
193 264
193 270
193 292
193 293
193 298
194 25
194 53
194 70
194 147
194 226
194 232
194 312
195 25
195 300
196 25
198 112
198 226
198 232
198 270
200 206
201 53
202 200
204 189
204 285
205 12
205 247
207 75
207 255
209 213
210 52
210 70
210 186
210 213
210 258
211 26
211 32
211 33
211 213
211 215
211 226
211 231
211 232
211 244
211 251
211 255
211 262
211 264
211 270
211 310
212 75
212 184
212 213
212 232
212 243
213 16
213 112
213 226
214 217
214 226
214 227
215 185
215 226
215 244
215 298
216 214
216 217
216 235
217 214
217 236
217 283
218 75
218 151
218 226
218 232
218 283
219 226
220 26
220 32
220 46
220 70
220 123
220 226
220 232
221 226
222 226
223 147
223 226
224 0
224 78
224 226
224 266
224 283
224 292
225 226
227 31
227 124
227 214
227 292
229 12
229 25
229 70
229 75
229 125
229 151
229 182
229 228
229 232
229 244
229 298
230 112
231 12
231 53
231 112
231 125
231 147
231 226
231 237
231 244
231 249
231 253
231 262
231 311
232 16
232 112
232 118
232 167
232 182
232 186
232 193
232 211
232 231
232 236
233 112
234 244
235 236
237 32
237 167
237 173
237 226
237 311
238 244
238 290
239 0
239 147
239 244
240 232
240 244
241 53
241 245
242 200
246 302
247 70
247 85
247 293
247 301
247 309
248 75
249 26
249 78
249 226
249 258
249 262
249 267
250 267
251 5
251 26
251 33
251 78
251 167
251 186
251 211
251 226
251 232
251 243
251 253
251 255
251 256
251 258
251 262
251 264
251 267
251 270
251 276
251 310
252 52
252 70
252 267
253 12
253 26
253 32
253 33
253 78
253 167
253 186
253 200
253 226
253 244
253 249
253 256
253 258
253 262
253 266
253 267
253 294
254 267
255 32
255 33
255 53
255 78
255 141
255 167
255 200
255 226
255 244
255 249
255 253
255 258
255 262
255 267
255 269
255 276
255 282
255 294
256 26
256 32
256 53
256 67
256 78
256 200
256 215
256 226
256 244
256 249
256 258
256 262
256 266
256 267
256 269
257 5
257 26
257 33
257 78
257 182
257 185
257 186
257 211
257 226
257 232
257 249
257 251
257 253
257 255
257 256
257 258
257 262
257 264
257 266
257 267
257 270
257 276
257 278
257 282
258 26
258 32
258 53
258 237
258 267
259 267
260 5
260 33
260 67
260 173
260 215
260 244
260 253
260 262
260 267
261 267
262 26
262 32
262 33
262 167
262 186
262 226
262 243
262 244
262 249
262 253
262 256
262 258
262 266
262 267
262 278
263 226
263 267
264 5
264 12
264 36
264 151
264 167
264 173
264 211
264 226
264 231
264 232
264 237
264 244
264 251
264 255
264 256
264 262
264 267
264 270
264 309
264 310
265 200
266 32
266 78
266 226
266 253
266 256
268 75
269 75
269 114
271 75
271 118
271 125
271 232
271 292
272 75
272 189
272 232
272 256
273 70
273 75
273 244
273 270
273 298
273 312
274 114
274 186
275 85
277 52
278 26
278 33
278 53
278 78
278 226
278 258
278 262
279 12
279 124
280 12
280 25
280 70
280 78
280 114
280 124
280 226
280 255
280 270
280 298
280 310
281 114
282 114
283 32
283 33
283 78
283 114
283 118
283 123
283 182
283 184
283 185
283 193
283 200
283 215
283 226
283 232
283 278
283 285
283 312
284 78
284 114
284 124
284 147
284 189
284 226
284 232
284 249
285 114
285 124
285 292
285 302
285 309
286 52
286 114
287 114
287 232
288 70
288 114
288 292
289 36
289 186
289 232
289 292
289 310
290 292
292 78
292 226
292 270
294 298
295 78
295 270
295 283
295 298
296 70
296 270
296 298
297 298
298 52
298 215
298 232
298 244
299 283
299 300
302 303
303 302
304 70
304 309
305 70
305 125
305 309
306 25
306 46
306 232
306 244
306 309
307 70
307 309
308 309
310 26
310 53
310 67
310 78
310 167
310 186
310 211
310 226
310 232
310 244
310 249
310 255
310 258
310 262
310 312
311 312
315 32
315 33
315 78
315 244
315 255
315 256
315 270
315 294
319 200
320 200
321 118
321 151
321 200
322 200
323 255
324 215
325 12
332 32
332 232
332 266
336 226
337 226
337 244
337 266
340 70
342 53
342 226
343 147
343 193
343 211
343 232
343 251
343 255
343 264
343 270
344 67
344 167
344 243
344 253
344 311
347 118
349 124
349 147
349 237
352 32
353 184
355 118
359 173
360 255
361 167
361 231
361 235
362 36
362 46
362 70
362 124
362 125
362 147
362 151
362 189
362 193
362 232
362 285
363 215
366 46
366 124
368 33
368 147
368 253
368 255
368 262
368 266
368 276
372 189
373 189
374 147
375 78
375 147
375 226
376 25
376 46
376 147
376 193
376 232
377 147
378 25
379 25
379 52
380 226
381 25
382 294
384 159
385 25
385 46
385 70
386 25
388 12
388 32
388 128
388 185
388 226
388 237
388 243
388 244
388 256
389 94
389 226
390 25
390 70
391 25
391 70
392 25
392 70
394 173
394 308
397 94
400 78
400 200
401 78
401 94
401 226
402 94
403 94
404 244
405 244
406 70
406 244
407 232
408 125
409 70
410 78
411 270
412 78
413 46
431 78
431 258
433 70
435 70
436 70
437 46
437 52
437 70
438 12
438 70
438 186
438 200
438 311
439 52
440 52
441 32
441 52
441 200
441 244
441 278
442 52
442 237
442 311
443 52
444 52
445 52
445 200
446 52
447 46
448 215
451 12
451 32
451 78
451 123
451 182
451 185
451 186
451 187
451 211
451 215
451 226
451 232
451 244
451 266
451 311
455 226
456 53
456 193
456 232
457 232
458 232
459 123
459 211
459 232
459 255
459 256
462 310
465 53
470 125
471 125
472 125
473 125
475 151
477 53
478 53
478 78
478 311
479 310
480 255
480 310
481 78
481 124
482 32
483 32
485 33
485 232
487 182
487 231
487 232
488 36
489 36
491 78
491 124
492 124
493 124
494 12
494 26
494 32
494 33
494 78
494 185
494 186
494 200
494 215
494 226
494 232
494 237
494 244
494 253
494 256
494 258
494 266
494 294
495 266
497 255
497 270
498 231
499 231
507 123
507 211
507 232
507 251
507 264
507 270
508 232
510 232
512 78
516 32
516 78
516 215
516 232
516 244
520 232
521 78
521 211
521 226
521 232
521 243
521 251
521 255
521 256
521 258
521 264
522 12
522 32
522 226
522 232
522 237
522 278
523 26
523 32
523 226
523 232
523 235
523 244
523 249
523 262
524 226
524 232
525 226
525 232
525 256
525 262
526 232
527 78
527 226
527 258
528 232
529 232
530 232
531 67
531 232
531 256
531 258
532 32
532 78
532 226
532 232
532 258
533 26
533 173
533 226
533 232
535 32
536 249
537 33
537 215
537 226
537 237
537 253
537 256
537 276
544 211
545 32
545 78
545 167
545 226
548 32
548 33
548 78
548 141
548 215
548 226
548 244
548 256
548 266
550 53
552 276
556 78
556 226
557 78
557 226
557 253
557 255
557 262
557 270
560 173
562 255
564 141
564 278
564 282
564 311
565 255
566 78
566 215
566 244
566 255
567 255
568 33
568 251
569 251
569 264
569 270
572 12
572 33
572 53
572 78
572 167
572 226
572 237
572 269
572 270
572 290
572 311
574 12
574 226
574 256
574 258
574 266
574 276
578 12
578 187
580 249
580 253
580 258
580 262
581 32
581 262
582 32
582 33
582 215
582 244
582 262
583 32
583 78
583 185
583 226
583 237
583 244
583 256
583 266
584 26
584 167
584 226
584 249
584 256
584 262
584 266
584 278
585 12
585 32
585 200
585 226
585 266
586 249
587 276
589 32
589 185
589 244
589 278
595 33
595 78
595 167
595 203
595 253
600 226
603 32
603 78
603 200
603 226
603 244
606 78
611 5
611 78
614 67
614 78
614 226
614 243
614 249
614 256
614 262
614 269
620 78
620 237
627 32
627 33
627 78
627 215
627 226
627 244
627 256
627 258
627 262
629 26
629 167
629 249
630 12
630 226
634 67
634 78
634 128
634 167
634 226
634 276
634 290
634 294
637 53
637 141
637 173
637 186
637 215
637 226
637 237
637 243
637 256
637 258
637 259
637 266
637 276
637 282
637 294
649 5
651 32
651 53
651 167
651 173
651 187
651 200
651 237
651 256
651 282
651 290
653 185
654 78
655 12
655 78
655 167
655 200
655 237
655 256
655 262
655 266
656 32
656 200
656 215
656 226
656 244
656 249
656 256
656 258
656 262
657 32
657 173
657 226
660 78
660 226
661 141
661 200
661 226
661 237
661 249
661 256
661 258
661 262
661 266
661 311
669 32
671 32
671 141
671 226
671 237
671 258
674 226
675 32
675 141
675 249
675 258
677 33
678 67
678 78
678 167
678 243
678 276
678 294
681 67
681 185
688 26
688 258
690 12
691 53
691 167
691 237
691 276
691 311
698 187
699 167
699 187
699 253
699 278
703 53
703 141
705 244
705 253
705 258
708 186
708 253
712 12
712 78
712 200
713 187
713 244
714 12
718 78
718 253
719 186
719 253
719 262
720 167
720 253
724 32
724 78
724 186
724 200
729 78
729 141
729 200
729 226
729 243
729 244
730 32
730 244
730 256
731 226
734 258
736 32
736 215
739 226
739 262
750 78
751 78
752 185
753 78
755 186
756 32
756 141
756 187
756 215
757 78
758 215
760 78
761 78
762 78
762 200
762 226
762 249
762 266
763 78
763 173
764 78
765 226
765 249
766 78
767 78
768 78
769 78
769 266
769 278
770 78
771 78
772 78
773 32
773 167
773 215
773 237
773 244
773 278
774 200
780 262
782 237
784 226
787 32
787 53
787 141
787 185
787 237
787 244
787 256
787 278
789 32
789 200
789 226
789 244
789 258
790 226
792 32
792 53
792 67
792 167
792 226
792 256
792 278
792 294
793 226
794 226
795 53
795 226
799 53
799 226
799 244
799 256
799 266
800 249
802 215
802 258
803 258
809 200
812 282
813 32
813 141
813 226
813 244
813 256
813 262
813 266
813 278
816 12
816 167
820 32
820 53
820 141
820 226
820 237
820 249
822 226
822 249
823 282
826 32
827 32
827 141
827 276
827 278
828 249
829 167
829 237
829 276
834 32
834 53
834 141
834 173
834 243
834 244
834 249
834 256
834 262
834 278
835 12
835 32
835 249
835 256
835 266
837 12
837 53
837 167
837 215
837 237
837 276
837 278
837 294
838 200
838 311
840 262
846 32
846 173
846 185
846 187
846 243
846 259
846 282
848 249
849 226
849 244
849 256
849 259
849 276
849 278
850 259
853 215
858 32
858 200
859 256
859 276
860 237
863 256
863 266
864 226
865 32
865 200
867 256
868 256
869 256
870 12
870 226
870 256
870 266
870 311
872 167
873 226
877 276
878 294
878 311
885 32
885 311
886 12
886 237
887 266
889 12
889 53
889 167
889 185
889 237
889 243
889 266
894 32
894 185
894 226
894 266
895 32
895 200
895 244
896 200
897 200
898 200
898 226
904 12
904 32
904 185
904 215
905 215
905 226
906 226
907 226
908 226
909 226
910 226
911 282
912 215
923 12
923 53
923 167
924 53
924 235
924 294
931 12
932 12
932 215
932 244
934 141
934 187
934 244
934 278
938 294
940 173
941 32
942 32
943 141
943 237
946 53
946 167
946 215
946 282
947 12
947 141
947 187
947 243
947 244
947 290
949 141
949 167
949 244
949 276
949 278
950 53
950 67
950 243
950 294
956 53
956 311
963 12
963 53
963 167
963 173
963 187
963 237
963 276
963 294
963 311
971 32
971 141
971 185
971 244
971 278
972 237
974 167
974 173
974 276
974 290
974 294
974 311
975 32
975 141
977 294
985 12
986 244
988 53
988 67
988 167
988 173
989 53
994 12
997 12
997 32
997 237
999 215
1004 53
1005 32
1005 243
1006 53
1007 278
1008 141
1008 237
1014 32
1014 53
1014 67
1014 167
1014 187
1014 243
1014 278
1014 294
1014 311
1015 141
1019 12
1019 67
1033 237
1037 32
1037 141
1038 32
1038 185
1038 244
1039 237
1040 32
1043 32
1043 187
1044 67
1047 278
1049 12
1049 167
1049 243
1050 141
1052 141
1059 32
1059 185
1059 278
1061 243
1072 32
1073 32
1073 141
1073 185
1073 215
1073 276
1078 12
1078 237
1079 32
1079 244
1081 32
1082 32
1087 32
1087 167
1087 237
1090 278
1091 278
1092 278
1093 278
1094 32
1094 53
1094 167
1094 173
1094 237
1094 259
1094 278
1095 243
1095 278
1107 167
1107 187
1107 237
1107 259
1113 244
1114 53
1114 244
1118 32
1119 32
1134 215
1135 215
1135 311
1136 215
1137 187
1137 215
1137 235
1137 243
1137 259
1137 311
1138 215
1139 215
1140 215
1141 215
1142 215
1142 243
1143 215
1144 12
1145 235
1153 53
1153 141
1153 167
1153 237
1153 243
1159 187
1165 243
1169 237
1174 12
1174 141
1174 243
1174 276
1195 294
1204 243
1217 259
1237 53
1240 173
1243 237
1243 290
1245 12
1245 67
1245 237
1246 167
1248 167
1248 311
1252 311
1255 237
1259 141
1259 187
1259 243
1259 311
1262 67
1262 141
1262 187
1262 243
1266 12
1266 187
1288 243
1289 12
1289 276
1292 243
1295 67
1302 53
1303 12
1303 243
1303 311
1307 12
1307 276
1310 12
1310 53
1310 141
1310 167
1310 173
1310 237
1310 243
1310 276
1310 294
1314 53
1316 294
1324 237
1330 53
1339 237
1341 167
1341 237
1342 141
1349 141
1349 243
1349 311
1362 12
1362 173
1362 187
1362 237
1362 243
1362 276
1362 294
1368 167
1368 173
1368 311
1369 141
1369 243
1369 311
1376 12
1395 12
1395 53
1395 187
1412 12
1440 311
1441 311
1446 12
1449 237
1450 12
1450 53
1450 173
1451 187
1452 187
1453 173
1453 187
1454 187
1455 187
1456 187
1457 187
1458 187
1464 311
1465 53
1465 67
1465 167
1465 173
1465 311
1478 12
1478 243
1479 237
1492 294
1494 12
1494 173
1494 237
1499 276
1499 311
1505 0
1509 276
1510 12
1512 173
1513 53
1513 235
1513 276
1521 12
1521 167
1533 0
1537 12
1544 67
1550 237
1553 53
1553 167
1553 237
1553 294
1567 12
1568 173
1569 237
1575 12
1596 167
1615 235
1631 12
1635 53
1635 173
1635 237
1635 276
1638 167
1638 237
1669 53
1673 237
1678 167
1684 12
1696 53
1696 294
1697 53
1702 53
1702 276
1710 294
1756 67
1756 235
1756 276
1766 53
1766 235
1766 276
1766 294
1783 294
1801 237
1803 294
1804 167
1805 294
1807 276
1814 237
1817 53
1817 173
1817 276
1817 294
1819 12
1826 12
1827 0
1839 12
1844 294
1848 276
1850 173
1852 12
1880 167
1880 294
1895 12
1900 173
1900 276
1901 12
1901 276
1902 276
1903 53
1903 276
1907 12
1907 167
1910 12
1910 167
1924 12
1924 53
1924 294
1933 53
1935 276
1948 167
1954 173
1955 12
1955 167
1955 276
1957 53
1971 276
1972 12
1972 167
1972 237
1975 167
1975 235
1976 276
1976 294
1988 53
2013 12
2013 237
2014 12
2014 276
2016 173
2021 237
2027 12
2030 67
2046 276
2047 12
2052 276
2053 276
2054 276
2061 53
2065 12
2089 294
2092 53
2092 173
2092 294
2093 237
2093 294
2094 53
2094 167
2094 237
2096 237
2101 128
2104 167
2104 237
2118 12
2120 294
2122 173
2122 237
2143 167
2144 167
2145 167
2147 12
2158 53
2158 173
2160 173
2161 167
2161 290
2165 12
2165 67
2165 167
2166 53
2166 128
2166 167
2166 173
2166 235
2166 237
2166 290
2168 12
2170 53
2177 53
2186 12
2188 67
2191 53
2191 294
2192 12
2193 12
2214 12
2217 12
2217 167
2217 294
2234 53
2234 173
2238 12
2238 167
2238 237
2239 167
2241 12
2243 128
2243 290
2245 167
2245 235
2251 12
2256 294
2260 173
2260 294
2267 167
2269 67
2269 167
2269 237
2269 290
2274 12
2274 167
2281 167
2283 167
2284 167
2287 237
2288 290
2290 167
2308 237
2313 67
2318 237
2320 53
2323 12
2323 67
2335 12
2336 12
2339 128
2339 173
2351 12
2351 167
2374 173
2388 167
2397 12
2404 173
2405 173
2406 173
2407 173
2408 173
2409 173
2412 167
2412 237
2435 167
2435 237
2467 12
2478 237
2495 12
2504 12
2523 12
2524 237
2525 237
2527 167
2542 237
2543 237
2544 12
2548 167
2549 67
2558 12
2567 167
2577 237
2595 12
2622 235
2640 167
2646 12
2668 67
2669 235
2678 167
2723 12
2739 67
2739 128
2761 235
2793 167
2795 0
2817 167
2818 12
2823 167
2855 12
2856 12
2859 12
2863 12
2863 67
2866 12
2868 12
2869 12
2871 67
2915 12
2923 167
2956 12
2958 12
2968 128
2980 12
2980 290
3013 67
3014 12
3014 128
3015 12
3036 290
3054 12
3081 12
3095 12
3126 12
3126 67
3126 128
3126 290
3128 67
3129 12
3129 67
3144 12
3145 12
3156 12
3227 12
3244 12
3259 12
3259 67
3259 290
3260 12
3265 12
3281 12
3285 12
3287 12
3300 12
3300 128
3304 12
3305 12
3308 290
3309 12
3331 12
3332 67
3332 290
3333 12
3336 12
3352 12
3352 290
3387 12
3393 238
3393 290
3418 238
3422 12
3492 12
3500 0
3505 12
3523 0
3536 12
3600 12
3606 67
3637 12
3641 12
3642 67
3657 12
3662 12
3690 290
3692 12
3698 12
3706 12
3708 12
3714 67
3731 128
3751 290
3770 290
3792 12
3792 0
3811 12
3824 67
3836 290
3840 12
3878 67
3882 12
3933 12
3957 128
3962 12
3974 12
3986 12
4005 12
4013 67
4015 67
4024 67
4028 0
4038 12
4070 12
4079 12
4096 12
4102 67
4104 12
4106 12
4122 12
4135 12
4138 128
4142 12
4144 12
4144 128
4150 0
4154 12
4161 12
4175 12
4206 12
4207 12
4247 12
4273 67
4323 12
4334 128
4335 128
4366 12
4396 128
4396 0
4402 128
4402 0
4403 67
4404 12
4406 67
4436 0
4438 12
4439 12
4451 12
4456 12
4458 12
4465 12
4469 12
4477 12
4494 12
4494 67
4499 67
4508 12
4508 67
4511 67
4512 67
4513 67
4526 12
4560 12
4571 12
4575 12
4580 12
4586 0
4589 12
4591 12
4600 0
4605 128
4629 12
4631 12
4635 12
4655 12
4665 12
4668 12
4729 12
4742 12
4782 12
4789 12
4839 12
4840 12
4853 12
4854 12
4855 12
4856 12
4857 12
4858 12
4859 12
4860 12
4861 12
4862 12
4863 12
4864 12
4865 12
4866 12
4867 12
4884 0
4935 0
4951 0
5032 128
5124 0
5159 128
5220 128
5221 128
5250 128
5253 128
5259 128
5351 128
5358 128
5372 128
5460 128
5463 128
5465 128
5484 128
5581 128
5583 128
5587 128
5606 128
5627 128
5653 128
5657 128
5672 128
5788 128
5789 128
