3 5162
3 5273
8 5061
8 5222
8 5241
17 5265
21 5061
21 5300
21 5327
26 5063
26 5067
33 5061
39 5029
44 5330
65 5069
65 5140
65 5261
65 5269
65 5299
67 5115
67 5222
67 5273
67 5299
67 5300
79 5029
79 5061
79 5240
88 5112
88 5240
88 5252
88 5261
92 5133
92 5162
92 5191
92 5299
98 5029
98 5047
98 5069
98 5086
98 5091
98 5108
98 5111
98 5116
98 5123
98 5138
98 5141
98 5191
98 5210
98 5222
98 5257
98 5261
98 5299
98 5319
101 5111
104 5063
115 5063
115 5069
115 5170
115 5241
115 5317
120 5141
120 5170
120 5257
120 5269
121 5226
128 5191
134 5330
137 5317
142 5063
142 5170
143 5300
146 5061
163 5269
194 5265
215 5300
220 5240
255 5069
256 5137
256 5222
256 5257
264 5069
264 5117
264 5222
264 5261
264 5319
279 5170
280 5137
290 5269
304 5029
332 5327
343 5111
343 5162
343 5261
361 5140
361 5229
361 5257
361 5299
361 5300
361 5317
368 5265
368 5299
368 5330
370 5299
388 5029
388 5047
388 5061
388 5063
388 5069
388 5091
388 5108
388 5110
388 5123
388 5133
388 5136
388 5137
388 5141
388 5153
388 5168
388 5191
388 5210
388 5222
388 5226
388 5241
388 5257
388 5261
388 5265
388 5268
388 5269
388 5271
388 5282
388 5299
388 5305
388 5319
388 5327
388 5329
388 5330
440 5029
441 5112
442 5086
442 5123
442 5222
442 5269
475 5269
494 5300
522 5327
525 5300
531 5133
544 5029
548 5170
548 5269
572 5170
572 5257
574 5269
574 5329
595 5269
610 5061
610 5123
610 5137
610 5158
610 5162
610 5191
610 5257
610 5265
610 5269
610 5299
610 5330
614 5162
614 5219
614 5299
620 5063
634 5029
634 5047
634 5061
634 5065
634 5069
634 5091
634 5110
634 5111
634 5115
634 5117
634 5123
634 5133
634 5136
634 5137
634 5141
634 5162
634 5168
634 5191
634 5210
634 5222
634 5241
634 5257
634 5261
634 5268
634 5269
634 5273
634 5299
634 5319
634 5327
634 5329
656 5047
656 5069
656 5147
656 5222
657 5115
690 5134
690 5141
701 5158
701 5269
701 5273
714 5061
714 5222
716 5226
751 5265
760 5272
782 5330
794 5299
829 5158
829 5170
829 5240
834 5063
837 5063
837 5115
837 5140
837 5265
849 5191
868 5300
872 5300
876 5222
877 5112
877 5137
877 5203
886 5061
886 5063
889 5086
889 5140
889 5191
895 5299
896 5133
903 5047
903 5056
903 5061
903 5063
903 5065
903 5069
903 5091
903 5110
903 5117
903 5137
903 5140
903 5141
903 5153
903 5168
903 5190
903 5191
903 5210
903 5211
903 5241
903 5256
903 5257
903 5271
903 5319
903 5327
903 5329
924 5111
924 5162
924 5191
924 5219
924 5221
924 5239
924 5241
924 5252
924 5268
924 5269
924 5272
924 5273
924 5317
924 5319
947 5300
963 5029
963 5047
963 5061
963 5091
963 5108
963 5111
963 5112
963 5133
963 5136
963 5141
963 5168
963 5222
963 5269
963 5299
963 5327
963 5329
974 5061
974 5069
974 5117
974 5133
974 5140
974 5222
974 5269
974 5299
989 5273
1014 5063
1014 5112
1014 5222
1014 5273
1014 5319
1043 5327
1064 5061
1077 5330
1079 5330
1107 5061
1107 5272
1141 5257
1147 5273
1153 5061
1153 5086
1153 5111
1153 5112
1153 5162
1153 5261
1153 5268
1153 5269
1153 5272
1153 5273
1153 5282
1153 5317
1153 5330
1164 5300
1174 5273
1245 5029
1245 5108
1248 5300
1266 5029
1277 5123
1289 5033
1307 5047
1307 5061
1307 5069
1307 5091
1307 5111
1307 5117
1307 5123
1307 5133
1307 5136
1307 5137
1307 5162
1307 5170
1307 5299
1309 5111
1310 5162
1310 5170
1310 5273
1310 5299
1362 5257
1362 5261
1366 5265
1377 5061
1395 5063
1395 5140
1395 5252
1398 5269
1412 5141
1437 5061
1440 5111
1450 5061
1450 5162
1450 5257
1450 5300
1450 5327
1465 5140
1478 5047
1478 5261
1479 5109
1492 5170
1505 5112
1505 5153
1505 5168
1505 5191
1505 5210
1505 5211
1505 5257
1505 5287
1505 5300
1505 5314
1510 5061
1521 5109
1533 5069
1533 5108
1533 5112
1533 5239
1533 5241
1533 5261
1533 5299
1536 5111
1536 5137
1536 5191
1536 5222
1537 5061
1537 5222
1547 5210
1556 5222
1556 5319
1567 5300
1575 5108
1575 5115
1598 5252
1615 5210
1640 5272
1661 5047
1661 5069
1661 5168
1678 5029
1678 5065
1678 5108
1678 5133
1678 5136
1678 5141
1687 5219
1687 5327
1695 5065
1695 5108
1695 5117
1695 5140
1695 5153
1695 5241
1710 5162
1737 5047
1819 5061
1827 5063
1827 5110
1827 5170
1827 5269
1827 5317
1850 5063
1860 5299
1896 5170
1907 5162
1910 5116
1910 5123
1910 5170
1910 5261
1910 5299
1917 5067
1917 5140
1917 5239
1926 5137
1926 5273
1928 5029
1928 5110
1928 5136
1928 5269
1928 5300
1936 5229
1955 5115
1957 5299
1976 5123
1976 5191
1976 5257
1976 5261
1976 5268
1976 5299
2014 5029
2014 5115
2014 5123
2014 5168
2014 5170
2014 5191
2014 5229
2014 5330
2021 5261
2025 5063
2027 5162
2065 5210
2077 5111
2077 5269
2077 5299
2081 5029
2081 5117
2081 5123
2081 5133
2081 5257
2083 5141
2101 5170
2104 5141
2104 5265
2104 5299
2104 5330
2110 5069
2116 5300
2130 5047
2130 5133
2130 5170
2148 5029
2150 5047
2150 5115
2150 5210
2161 5086
2161 5112
2161 5191
2165 5141
2165 5300
2166 5061
2166 5067
2166 5086
2166 5111
2166 5112
2166 5153
2166 5158
2166 5162
2166 5170
2166 5191
2166 5219
2166 5221
2166 5226
2166 5240
2166 5250
2166 5257
2166 5261
2166 5265
2166 5268
2166 5272
2166 5273
2166 5299
2166 5300
2166 5317
2166 5319
2166 5327
2166 5329
2166 5330
2177 5086
2177 5108
2200 5065
2200 5108
2200 5141
2214 5269
2214 5273
2215 5111
2215 5112
2215 5252
2215 5300
2215 5314
2216 5047
2216 5257
2216 5272
2217 5086
2233 5140
2241 5222
2243 5086
2243 5111
2243 5138
2243 5191
2243 5240
2245 5109
2245 5136
2245 5300
2245 5327
2245 5329
2258 5065
2258 5140
2261 5162
2261 5239
2261 5273
2261 5299
2269 5029
2269 5065
2269 5069
2269 5123
2269 5133
2269 5137
2269 5140
2269 5141
2269 5162
2269 5168
2269 5191
2269 5211
2269 5241
2269 5268
2269 5282
2269 5317
2269 5327
2269 5329
2270 5300
2274 5061
2274 5115
2274 5137
2274 5153
2274 5273
2274 5317
2274 5327
2280 5029
2287 5269
2335 5299
2351 5300
2351 5327
2372 5265
2383 5269
2397 5229
2397 5299
2397 5314
2397 5330
2399 5108
2399 5136
2399 5273
2426 5273
2443 5136
2443 5261
2443 5299
2467 5061
2467 5069
2467 5137
2467 5141
2467 5265
2467 5269
2495 5029
2495 5047
2495 5065
2495 5067
2495 5069
2495 5091
2495 5110
2495 5115
2495 5117
2495 5123
2495 5133
2495 5136
2495 5141
2495 5168
2495 5210
2495 5239
2495 5261
2495 5317
2495 5319
2495 5327
2504 5111
2504 5261
2506 5158
2506 5170
2506 5240
2510 5299
2519 5140
2519 5222
2519 5299
2528 5257
2528 5268
2533 5047
2533 5136
2533 5269
2533 5327
2539 5047
2541 5140
2544 5029
2544 5063
2544 5110
2544 5123
2544 5141
2549 5065
2549 5115
2549 5140
2549 5141
2549 5240
2549 5257
2549 5261
2549 5269
2549 5300
2570 5137
2571 5265
2571 5300
2591 5112
2591 5300
2591 5327
2595 5210
2597 5269
2599 5141
2599 5261
2609 5029
2639 5158
2639 5170
2639 5240
2639 5250
2639 5330
2707 5300
2739 5112
2752 5191
2752 5222
2754 5158
2754 5170
2766 5086
2766 5112
2766 5265
2766 5269
2793 5029
2793 5061
2793 5063
2793 5091
2793 5117
2793 5141
2793 5168
2795 5063
2795 5170
2818 5063
2818 5065
2818 5115
2818 5136
2818 5137
2818 5140
2818 5141
2818 5162
2818 5168
2818 5210
2818 5219
2818 5222
2818 5226
2818 5239
2818 5257
2818 5261
2818 5268
2818 5269
2818 5273
2818 5299
2818 5317
2818 5319
2818 5327
2818 5329
2829 5261
2839 5111
2854 5065
2854 5141
2854 5168
2854 5210
2854 5319
2856 5269
2857 5047
2857 5065
2857 5069
2857 5111
2857 5123
2857 5141
2857 5158
2857 5170
2857 5221
2857 5226
2857 5269
2857 5299
2857 5329
2859 5123
2859 5327
2863 5047
2863 5061
2863 5069
2863 5091
2863 5110
2863 5210
2863 5257
2863 5299
2863 5330
2866 5029
2866 5047
2866 5061
2866 5063
2866 5086
2866 5112
2866 5137
2866 5239
2866 5299
2866 5327
2867 5069
2867 5300
2869 5047
2869 5123
2869 5210
2869 5299
2869 5327
2872 5065
2872 5168
2886 5029
2887 5241
2904 5061
2915 5109
2918 5317
2920 5112
2929 5226
2950 5299
2958 5330
2959 5317
2967 5069
2968 5034
2968 5047
2968 5065
2968 5069
2968 5111
2968 5153
2968 5191
2968 5222
2968 5257
2968 5265
2968 5269
2968 5299
2968 5330
2969 5327
2973 5239
2986 5222
2986 5257
2986 5300
2991 5222
2991 5330
3006 5047
3006 5269
3006 5330
3013 5063
3013 5112
3013 5153
3013 5241
3013 5257
3013 5268
3013 5317
3013 5319
3013 5327
3014 5029
3014 5047
3014 5061
3014 5065
3014 5067
3014 5069
3014 5086
3014 5091
3014 5108
3014 5110
3014 5115
3014 5117
3014 5123
3014 5133
3014 5136
3014 5137
3014 5141
3014 5153
3014 5162
3014 5168
3014 5191
3014 5210
3014 5211
3014 5221
3014 5222
3014 5226
3014 5241
3014 5252
3014 5257
3014 5261
3014 5268
3014 5282
3014 5299
3014 5317
3014 5319
3014 5327
3014 5329
3028 5162
3028 5273
3035 5273
3057 5063
3057 5191
3057 5300
3066 5137
3091 5240
3107 5273
3112 5269
3125 5116
3125 5300
3126 5112
3126 5153
3126 5170
3126 5226
3128 5299
3129 5299
3132 5330
3140 5115
3143 5170
3145 5299
3145 5300
3146 5162
3159 5093
3173 5210
3186 5269
3214 5111
3229 5029
3244 5069
3244 5117
3245 5110
3245 5261
3247 5112
3251 5061
3251 5108
3251 5115
3251 5299
3255 5047
3255 5061
3255 5191
3255 5222
3255 5319
3265 5327
3268 5061
3268 5109
3272 5123
3300 5115
3300 5191
3300 5265
3300 5327
3309 5047
3309 5061
3309 5065
3309 5069
3309 5091
3309 5108
3309 5110
3309 5115
3309 5117
3309 5123
3309 5133
3309 5136
3309 5141
3309 5162
3309 5168
3309 5210
3309 5229
3309 5261
3309 5273
3310 5138
3310 5221
3325 5091
3325 5112
3325 5210
3325 5257
3325 5299
3333 5047
3333 5069
3333 5117
3336 5226
3336 5257
3352 5047
3352 5069
3352 5115
3352 5257
3369 5162
3377 5141
3383 5222
3383 5241
3387 5170
3387 5229
3394 5141
3399 5061
3406 5153
3406 5299
3409 5063
3424 5239
3424 5329
3444 5226
3444 5261
3444 5327
3447 5330
3475 5300
3478 5153
3478 5222
3492 5210
3500 5047
3500 5069
3500 5086
3500 5111
3500 5117
3500 5123
3500 5153
3500 5191
3500 5222
3500 5226
3500 5261
3500 5269
3500 5299
3500 5319
3500 5327
3504 5136
3516 5327
3526 5300
3536 5265
3546 5240
3575 5061
3594 5257
3596 5162
3600 5029
3600 5069
3600 5086
3600 5091
3600 5110
3600 5111
3600 5117
3600 5123
3600 5219
3610 5300
3613 5299
3637 5047
3637 5069
3637 5111
3637 5138
3637 5158
3637 5170
3637 5191
3637 5222
3637 5226
3637 5241
3637 5261
3637 5269
3637 5329
3641 5158
3641 5170
3651 5170
3668 5226
3668 5273
3676 5086
3676 5141
3676 5252
3690 5162
3698 5115
3706 5086
3706 5140
3706 5222
3727 5265
3731 5029
3731 5047
3731 5063
3731 5086
3731 5111
3731 5133
3731 5137
3731 5140
3731 5158
3731 5170
3731 5191
3731 5240
3731 5265
3731 5319
3731 5330
3745 5069
3750 5111
3751 5162
3751 5191
3751 5261
3755 5265
3758 5239
3762 5029
3762 5047
3762 5063
3762 5065
3762 5069
3762 5091
3762 5108
3762 5110
3762 5117
3762 5123
3762 5133
3762 5136
3762 5137
3762 5141
3762 5168
3769 5063
3769 5153
3769 5272
3789 5029
3792 5063
3792 5065
3792 5115
3792 5222
3792 5300
3792 5317
3792 5319
3797 5111
3797 5112
3797 5123
3797 5299
3802 5067
3817 5136
3817 5140
3817 5241
3824 5112
3830 5112
3830 5191
3830 5222
3830 5269
3830 5299
3833 5115
3833 5222
3833 5299
3840 5029
3845 5158
3845 5240
3845 5268
3849 5191
3849 5211
3849 5268
3849 5299
3849 5327
3850 5327
3852 5042
3852 5166
3852 5170
3852 5239
3867 5029
3867 5047
3867 5063
3867 5069
3867 5123
3867 5133
3867 5222
3868 5067
3878 5226
3878 5269
3882 5047
3882 5067
3882 5116
3882 5153
3882 5162
3882 5191
3882 5252
3882 5268
3882 5273
3882 5299
3882 5314
3882 5317
3882 5319
3882 5327
3883 5210
3883 5226
3883 5329
3886 5137
3886 5273
3896 5273
3922 5191
3925 5257
3933 5029
3933 5047
3933 5063
3933 5110
3933 5222
3933 5241
3933 5299
3947 5067
3957 5170
3962 5261
3963 5269
3970 5269
3970 5299
3974 5047
3974 5111
3974 5158
3974 5191
3974 5240
3974 5265
3974 5330
3980 5069
3983 5257
3985 5041
3986 5029
3986 5047
3986 5061
3986 5065
3986 5069
3986 5086
3986 5091
3986 5108
3986 5110
3986 5117
3986 5133
3986 5136
3986 5137
3986 5140
3986 5141
3986 5162
3986 5168
3986 5170
3986 5210
3986 5222
3986 5226
3986 5257
3986 5261
3986 5268
3986 5269
3986 5273
3986 5319
3986 5327
3986 5329
3992 5191
3992 5299
3994 5069
3999 5111
3999 5261
3999 5273
4009 5299
4009 5327
4013 5047
4013 5065
4013 5108
4013 5111
4013 5136
4013 5141
4013 5158
4013 5222
4013 5226
4013 5261
4013 5269
4013 5299
4017 5317
4020 5153
4028 5042
4028 5063
4028 5065
4028 5075
4028 5086
4028 5091
4028 5108
4028 5109
4028 5110
4028 5111
4028 5115
4028 5123
4028 5136
4028 5137
4028 5140
4028 5141
4028 5166
4028 5168
4028 5170
4028 5189
4028 5190
4028 5191
4028 5222
4028 5226
4028 5229
4028 5248
4028 5252
4028 5256
4028 5257
4028 5268
4028 5271
4028 5272
4028 5273
4028 5282
4028 5300
4028 5314
4028 5317
4028 5319
4031 5063
4031 5191
4031 5269
4039 5168
4047 5327
4051 5061
4051 5219
4051 5265
4051 5299
4055 5170
4055 5269
4061 5226
4070 5047
4070 5069
4070 5086
4070 5108
4070 5111
4070 5112
4070 5115
4070 5123
4070 5136
4070 5158
4070 5168
4070 5191
4070 5210
4070 5221
4070 5222
4070 5226
4070 5239
4070 5241
4070 5252
4070 5261
4070 5269
4070 5299
4070 5300
4070 5317
4087 5269
4090 5108
4090 5330
4091 5065
4091 5067
4091 5110
4091 5111
4091 5115
4091 5140
4091 5141
4091 5162
4091 5226
4091 5265
4091 5273
4091 5299
4091 5300
4091 5327
4091 5330
4094 5299
4094 5330
4104 5140
4106 5063
4106 5115
4106 5222
4106 5269
4108 5091
4116 5069
4116 5091
4116 5108
4116 5110
4116 5115
4116 5117
4116 5123
4116 5133
4116 5136
4116 5140
4116 5141
4119 5191
4135 5061
4135 5111
4135 5299
4136 5047
4136 5123
4136 5226
4136 5241
4138 5086
4138 5111
4138 5112
4138 5170
4138 5191
4138 5239
4138 5263
4138 5272
4138 5285
4138 5299
4142 5047
4142 5069
4142 5086
4142 5091
4142 5112
4142 5123
4142 5153
4142 5191
4142 5261
4143 5061
4143 5222
4144 5086
4144 5112
4144 5140
4144 5141
4144 5158
4144 5170
4144 5191
4144 5221
4144 5222
4144 5252
4144 5269
4144 5299
4144 5317
4144 5319
4146 5115
4150 5029
4150 5047
4150 5061
4150 5065
4150 5069
4150 5137
4150 5141
4150 5153
4150 5168
4150 5191
4150 5210
4150 5226
4150 5241
4150 5257
4150 5268
4150 5269
4150 5299
4150 5317
4150 5319
4150 5327
4150 5329
4153 5029
4153 5061
4153 5065
4153 5067
4153 5091
4153 5108
4153 5110
4153 5111
4153 5112
4153 5115
4153 5117
4153 5123
4153 5133
4153 5136
4153 5141
4153 5153
4153 5162
4153 5168
4153 5191
4153 5210
4153 5222
4153 5257
4153 5261
4153 5268
4153 5269
4153 5273
4153 5282
4153 5299
4153 5300
4153 5317
4153 5319
4153 5327
4153 5329
4154 5029
4154 5047
4154 5086
4154 5109
4154 5111
4154 5112
4154 5115
4154 5136
4154 5153
4154 5158
4154 5170
4154 5191
4154 5222
4154 5261
4154 5269
4154 5299
4154 5317
4155 5211
4158 5063
4158 5069
4158 5109
4158 5137
4159 5240
4161 5069
4161 5191
4161 5299
4164 5112
4164 5140
4166 5191
4175 5299
4176 5299
4184 5170
4187 5265
4195 5140
4195 5299
4196 5240
4197 5029
4202 5061
4202 5115
4202 5166
4202 5215
4202 5252
4202 5299
4202 5305
4202 5319
4206 5109
4206 5117
4222 5252
4229 5140
4233 5069
4233 5140
4233 5222
4233 5319
4244 5061
4244 5261
4247 5168
4254 5300
4262 5158
4273 5042
4273 5116
4288 5240
4288 5265
4297 5273
4307 5222
4321 5047
4321 5061
4321 5117
4321 5299
4326 5300
4328 5269
4332 5029
4332 5047
4332 5063
4332 5222
4332 5268
4332 5273
4332 5317
4334 5111
4334 5112
4334 5191
4334 5222
4339 5319
4340 5170
4340 5299
4341 5123
4341 5141
4342 5300
4350 5170
4352 5029
4359 5299
4361 5273
4363 5273
4364 5269
4368 5300
4368 5327
4396 5029
4396 5047
4396 5061
4396 5065
4396 5067
4396 5069
4396 5086
4396 5091
4396 5108
4396 5110
4396 5111
4396 5112
4396 5115
4396 5117
4396 5123
4396 5133
4396 5136
4396 5141
4396 5153
4396 5158
4396 5162
4396 5168
4396 5170
4396 5191
4396 5210
4396 5219
4396 5221
4396 5222
4396 5239
4396 5252
4396 5257
4396 5261
4396 5265
4396 5269
4396 5272
4396 5273
4396 5299
4396 5300
4396 5314
4396 5317
4396 5319
4396 5327
4396 5329
4396 5330
4402 5029
4402 5047
4402 5061
4402 5063
4402 5065
4402 5069
4402 5091
4402 5108
4402 5109
4402 5112
4402 5115
4402 5116
4402 5123
4402 5133
4402 5136
4402 5140
4402 5141
4402 5168
4402 5170
4402 5191
4402 5210
4402 5222
4402 5226
4402 5228
4402 5239
4402 5261
4402 5263
4402 5268
4402 5273
4402 5282
4402 5299
4402 5300
4402 5314
4402 5317
4402 5319
4402 5327
4403 5115
4403 5300
4403 5327
4411 5117
4411 5133
4411 5136
4411 5162
4411 5261
4411 5269
4411 5273
4411 5299
4411 5317
4411 5319
4411 5327
4411 5329
4415 5257
4415 5273
4417 5047
4417 5170
4418 5300
4418 5327
4419 5061
4419 5162
4419 5265
4419 5319
4436 5029
4436 5047
4436 5061
4436 5069
4436 5091
4436 5110
4436 5115
4436 5117
4436 5123
4436 5153
4436 5162
4436 5170
4436 5191
4436 5210
4436 5222
4436 5226
4436 5241
4436 5261
4436 5268
4436 5269
4436 5300
4436 5317
4438 5123
4441 5115
4445 5061
4445 5229
4445 5268
4450 5252
4454 5268
4458 5091
4458 5109
4458 5141
4458 5222
4458 5241
4459 5265
4462 5137
4465 5141
4469 5069
4469 5191
4469 5319
4484 5069
4484 5111
4484 5210
4484 5248
4484 5273
4484 5299
4484 5300
4508 5118
4509 5112
4509 5162
4509 5170
4509 5252
4509 5269
4509 5317
4512 5029
4512 5061
4512 5140
4512 5153
4512 5170
4512 5191
4512 5211
4512 5226
4512 5241
4513 5029
4513 5042
4513 5047
4513 5061
4513 5065
4513 5069
4513 5086
4513 5091
4513 5108
4513 5110
4513 5112
4513 5117
4513 5123
4513 5137
4513 5153
4513 5162
4513 5168
4513 5170
4513 5190
4513 5191
4513 5210
4513 5222
4513 5241
4513 5257
4513 5261
4513 5268
4513 5273
4513 5282
4513 5317
4513 5319
4513 5327
4513 5329
4526 5029
4526 5047
4526 5300
4529 5268
4534 5091
4538 5162
4538 5261
4538 5330
4539 5110
4539 5162
4539 5261
4539 5300
4539 5327
4549 5091
4549 5110
4553 5299
4554 5239
4555 5210
4560 5123
4560 5140
4561 5170
4565 5112
4565 5162
4565 5170
4565 5261
4565 5314
4565 5317
4565 5329
4567 5029
4576 5222
4580 5047
4580 5061
4580 5063
4580 5065
4580 5069
4580 5091
4580 5108
4580 5111
4580 5115
4580 5117
4580 5123
4580 5140
4580 5141
4580 5191
4580 5222
4580 5257
4580 5261
4580 5268
4580 5269
4580 5299
4580 5319
4580 5327
4580 5330
4581 5065
4583 5158
4584 5086
4584 5111
4584 5158
4584 5162
4584 5168
4584 5170
4584 5191
4584 5219
4584 5222
4584 5229
4584 5239
4584 5240
4584 5261
4584 5265
4584 5268
4584 5269
4584 5272
4584 5273
4584 5299
4584 5319
4584 5327
4584 5329
4586 5029
4586 5047
4586 5061
4586 5065
4586 5069
4586 5086
4586 5091
4586 5110
4586 5111
4586 5112
4586 5117
4586 5123
4586 5133
4586 5136
4586 5141
4586 5153
4586 5158
4586 5162
4586 5168
4586 5191
4586 5210
4586 5219
4586 5221
4586 5222
4586 5241
4586 5257
4586 5261
4586 5265
4586 5269
4586 5299
4586 5319
4586 5327
4586 5329
4586 5330
4588 5029
4588 5141
4588 5269
4589 5065
4590 5191
4590 5240
4590 5241
4591 5108
4591 5252
4594 5141
4594 5222
4594 5327
4595 5063
4595 5086
4595 5110
4595 5112
4595 5115
4595 5153
4595 5170
4595 5229
4595 5239
4595 5252
4595 5299
4595 5300
4595 5314
4595 5317
4595 5319
4595 5327
4596 5029
4596 5063
4596 5112
4596 5158
4596 5269
4596 5317
4598 5063
4598 5158
4598 5191
4598 5210
4598 5221
4598 5222
4598 5261
4598 5265
4598 5269
4598 5273
4598 5299
4598 5317
4598 5327
4600 5069
4600 5091
4600 5110
4600 5117
4600 5123
4600 5140
4600 5141
4600 5162
4600 5239
4600 5299
4601 5047
4601 5226
4601 5317
4602 5029
4602 5123
4602 5327
4602 5329
4602 5330
4603 5069
4603 5075
4603 5133
4603 5168
4603 5265
4604 5086
4604 5138
4604 5219
4605 5029
4605 5069
4605 5136
4606 5067
4606 5069
4606 5108
4606 5153
4606 5168
4606 5170
4606 5261
4606 5272
4606 5299
4606 5317
4606 5327
4608 5162
4608 5191
4608 5222
4608 5273
4608 5317
4619 5029
4619 5065
4619 5069
4619 5086
4619 5141
4619 5158
4619 5219
4631 5029
4631 5047
4631 5061
4631 5065
4631 5108
4631 5117
4631 5123
4631 5136
4631 5168
4631 5273
4631 5330
4635 5065
4635 5168
4640 5086
4640 5123
4640 5210
4640 5226
4640 5261
4640 5299
4641 5086
4641 5158
4641 5170
4641 5191
4641 5330
4658 5170
4663 5257
4667 5086
4667 5111
4667 5112
4670 5265
4672 5330
4676 5170
4679 5086
4679 5112
4679 5115
4679 5140
4679 5191
4679 5272
4679 5299
4681 5141
4681 5153
4681 5210
4681 5222
4681 5317
4681 5327
4687 5061
4694 5170
4694 5229
4696 5226
4709 5137
4709 5221
4726 5069
4726 5108
4726 5110
4726 5117
4726 5137
4726 5141
4726 5158
4726 5168
4726 5170
4726 5191
4726 5261
4727 5061
4727 5261
4729 5138
4731 5299
4732 5029
4732 5047
4732 5061
4732 5069
4732 5123
4732 5153
4732 5268
4733 5061
4735 5061
4737 5061
4738 5061
4738 5265
4745 5047
4745 5091
4752 5111
4752 5158
4752 5191
4752 5211
4752 5252
4752 5261
4752 5269
4752 5299
4752 5330
4756 5170
4760 5086
4760 5112
4779 5265
4782 5063
4782 5330
4786 5170
4793 5061
4797 5069
4797 5273
4800 5061
4800 5222
4800 5299
4816 5261
4816 5269
4816 5299
4831 5118
4835 5158
4835 5265
4835 5299
4844 5110
4847 5317
4848 5108
4848 5140
4849 5299
4854 5061
4864 5300
4869 5112
4869 5272
4869 5273
4869 5299
4875 5284
4880 5029
4880 5047
4881 5029
4881 5061
4881 5108
4881 5115
4881 5136
4881 5140
4881 5141
4881 5191
4881 5226
4881 5229
4881 5268
4882 5111
4882 5136
4882 5170
4882 5269
4884 5222
4885 5153
4885 5222
4885 5265
4887 5110
4887 5117
4887 5168
4892 5115
4892 5269
4892 5300
4898 5061
4898 5069
4898 5111
4898 5191
4898 5222
4898 5269
4898 5273
4898 5299
4898 5319
4900 5065
4900 5170
4900 5191
4900 5261
4900 5299
4904 5110
4904 5117
4918 5061
4918 5069
4918 5112
4918 5252
4918 5257
4918 5272
4918 5299
4918 5327
4918 5329
4919 5069
4919 5170
4920 5065
4920 5086
4920 5110
4920 5170
4920 5191
4920 5221
4920 5239
4920 5261
4920 5299
4923 5299
4935 5061
4935 5069
4935 5086
4935 5111
4935 5138
4935 5162
4935 5170
4935 5191
4935 5221
4935 5222
4935 5226
4935 5239
4935 5241
4935 5268
4935 5269
4935 5272
4935 5299
4935 5300
4938 5029
4938 5047
4938 5063
4938 5067
4938 5069
4938 5086
4938 5091
4938 5108
4938 5112
4938 5115
4938 5133
4938 5136
4938 5137
4938 5140
4938 5153
4938 5162
4938 5168
4938 5170
4938 5191
4938 5210
4938 5211
4938 5221
4938 5222
4938 5257
4938 5265
4938 5268
4938 5269
4938 5272
4938 5273
4938 5282
4938 5317
4938 5319
4938 5330
4943 5065
4943 5190
4943 5252
4944 5111
4944 5191
4944 5299
4946 5069
4946 5327
4946 5329
4947 5047
4947 5069
4947 5091
4947 5111
4947 5268
4947 5269
4947 5272
4947 5299
4947 5327
4949 5137
4951 5065
4951 5067
4951 5112
4951 5162
4951 5170
4951 5222
4951 5226
4951 5252
4951 5268
4951 5269
4951 5299
4951 5329
4961 5110
4961 5162
4961 5272
4961 5327
4962 5061
4968 5061
4968 5065
4968 5067
4968 5111
4968 5141
4968 5162
4968 5191
4968 5210
4968 5226
4968 5241
4968 5252
4968 5261
4968 5269
4968 5317
4968 5319
4968 5327
4968 5329
4969 5112
4969 5239
4971 5086
4975 5191
4975 5257
4975 5268
4975 5300
4975 5314
4975 5317
4986 5118
4990 5111
4990 5257
4990 5261
4990 5314
4990 5327
4993 5257
4999 5112
4999 5116
4999 5170
5003 5086
5004 5170
5004 5257
5006 5047
5007 5063
5016 5141
5016 5170
5016 5299
5016 5317
5020 5042
5020 5047
5020 5063
5020 5065
5020 5110
5020 5136
5021 5029
5022 5029
5023 5029
5024 5029
5025 5029
5026 5029
5027 5029
5028 5029
5029 5141
5029 5327
5030 5029
5031 5092
5031 5109
5031 5110
5031 5111
5031 5112
5031 5138
5031 5210
5031 5250
5032 5222
5039 5041
5040 5273
5045 5108
5045 5115
5045 5137
5046 5047
5048 5061
5048 5137
5048 5140
5048 5166
5048 5168
5048 5189
5048 5193
5048 5215
5048 5226
5048 5227
5048 5272
5049 5061
5050 5061
5051 5061
5051 5067
5051 5141
5051 5162
5051 5170
5051 5191
5051 5222
5051 5239
5051 5252
5051 5261
5051 5269
5051 5299
5051 5329
5052 5061
5053 5061
5053 5170
5053 5257
5053 5327
5053 5329
5054 5061
5055 5061
5055 5273
5056 5061
5057 5061
5058 5061
5059 5061
5059 5111
5059 5250
5059 5273
5059 5299
5059 5300
5059 5319
5059 5329
5060 5061
5062 5063
5065 5140
5067 5110
5068 5069
5068 5141
5074 5075
5074 5086
5074 5112
5074 5115
5074 5140
5074 5191
5074 5226
5074 5229
5074 5239
5074 5252
5074 5272
5074 5287
5074 5299
5074 5300
5074 5314
5081 5170
5081 5191
5081 5269
5081 5299
5085 5112
5085 5257
5085 5268
5085 5272
5085 5282
5085 5300
5085 5317
5085 5327
5085 5329
5086 5111
5086 5170
5086 5261
5086 5299
5088 5153
5088 5170
5088 5273
5088 5282
5089 5257
5089 5305
5090 5091
5102 5137
5102 5190
5108 5086
5108 5136
5108 5299
5111 5086
5111 5110
5111 5112
5111 5115
5111 5210
5111 5259
5111 5299
5112 5086
5112 5138
5112 5239
5112 5257
5112 5272
5112 5299
5114 5170
5114 5299
5114 5319
5114 5329
5121 5123
5122 5123
5124 5210
5137 5136
5137 5222
5137 5299
5138 5086
5138 5111
5138 5112
5138 5158
5138 5170
5138 5219
5138 5261
5138 5268
5138 5272
5138 5330
5139 5140
5142 5141
5143 5141
5144 5141
5145 5141
5146 5065
5146 5141
5146 5168
5146 5170
5149 5191
5149 5257
5151 5269
5152 5252
5155 5086
5155 5112
5155 5162
5155 5221
5155 5257
5155 5261
5155 5268
5155 5269
5155 5273
5155 5299
5155 5300
5155 5317
5155 5327
5155 5329
5156 5112
5158 5170
5158 5252
5158 5265
5158 5269
5158 5299
5158 5319
5159 5111
5159 5138
5159 5170
5159 5261
5159 5269
5159 5272
5159 5299
5159 5317
5160 5086
5160 5112
5160 5162
5160 5170
5160 5239
5160 5261
5160 5269
5160 5273
5160 5299
5160 5319
5160 5329
5162 5111
5162 5112
5162 5191
5162 5219
5162 5265
5162 5299
5164 5137
5164 5170
5164 5191
5164 5222
5165 5137
5165 5273
5165 5300
5169 5170
5171 5170
5171 5269
5172 5111
5179 5269
5179 5317
5179 5319
5179 5327
5179 5329
5185 5162
5185 5191
5187 5222
5187 5261
5188 5265
5188 5300
5191 5067
5191 5210
5191 5222
5191 5300
5192 5137
5192 5210
5192 5222
5194 5299
5204 5205
5208 5210
5209 5210
5212 5211
5213 5111
5213 5211
5217 5222
5218 5222
5219 5222
5220 5222
5221 5067
5221 5086
5221 5112
5221 5191
5221 5222
5221 5257
5221 5261
5221 5269
5221 5272
5221 5282
5221 5299
5221 5300
5223 5226
5223 5327
5224 5226
5225 5226
5230 5300
5230 5327
5233 5191
5234 5191
5235 5191
5236 5191
5238 5241
5239 5241
5239 5261
5239 5268
5239 5299
5239 5300
5239 5314
5239 5319
5239 5327
5239 5329
5240 5241
5243 5239
5245 5056
5248 5067
5248 5261
5255 5153
5258 5300
5259 5111
5259 5138
5259 5158
5259 5268
5259 5272
5259 5282
5259 5287
5259 5299
5261 5158
5261 5299
5262 5257
5266 5272
5269 5170
5269 5273
5269 5317
5269 5319
5270 5271
5272 5170
5272 5299
5273 5111
5273 5162
5281 5282
5283 5257
5286 5287
5288 5257
5289 5257
5292 5268
5298 5300
5301 5300
5302 5300
5303 5300
5310 5299
5310 5314
5311 5314
5311 5317
5311 5319
5312 5314
5313 5269
5313 5327
5316 5317
5317 5170
5317 5299
5318 5170
5318 5319
5324 5112
5324 5158
5324 5299
5324 5327
5328 5327
5328 5329
5330 5170
5335 5086
5337 5170
5337 5269
5338 5273
5342 5299
5345 5261
5346 5112
5350 5067
5350 5170
5350 5221
5350 5239
5350 5269
5350 5272
5350 5299
5351 5067
5351 5086
5351 5111
5351 5112
5351 5158
5351 5170
5351 5191
5351 5219
5351 5221
5351 5265
5351 5269
5351 5299
5351 5330
5356 5273
5357 5162
5357 5170
5357 5221
5357 5261
5357 5269
5357 5299
5358 5111
5358 5158
5358 5191
5358 5265
5358 5269
5358 5299
5360 5158
5361 5170
5362 5265
5366 5111
5372 5067
5372 5158
5372 5162
5372 5191
5372 5252
5372 5269
5372 5299
5376 5111
5376 5191
5376 5269
5379 5112
5379 5170
5380 5170
5380 5191
5380 5265
5382 5252
5382 5273
5383 5111
5393 5269
5396 5269
5396 5273
5397 5067
5397 5261
5397 5269
5401 5273
5404 5239
5404 5272
5405 5111
5405 5112
5405 5138
5405 5162
5405 5261
5405 5269
5405 5273
5406 5221
5406 5269
5407 5273
5410 5261
5411 5261
5412 5261
5413 5261
5414 5261
5415 5261
5416 5261
5417 5170
5417 5261
5418 5261
5419 5261
5420 5261
5421 5261
5422 5261
5423 5261
5424 5261
5424 5269
5425 5261
5426 5261
5427 5261
5428 5261
5429 5261
5430 5261
5431 5261
5432 5261
5432 5265
5432 5299
5433 5261
5434 5261
5435 5261
5436 5261
5437 5261
5438 5261
5439 5261
5440 5261
5441 5261
5445 5162
5452 5170
5454 5086
5454 5219
5454 5272
5455 5219
5456 5086
5456 5111
5456 5158
5456 5170
5456 5219
5456 5240
5456 5265
5456 5330
5458 5111
5459 5170
5460 5111
5460 5191
5460 5219
5460 5221
5460 5272
5460 5299
5460 5330
5461 5158
5461 5170
5462 5219
5463 5086
5463 5170
5463 5191
5463 5219
5464 5086
5464 5112
5465 5111
5465 5112
5465 5158
5465 5170
5465 5191
5465 5330
5468 5299
5470 5111
5470 5269
5470 5299
5477 5111
5477 5112
5477 5239
5477 5250
5481 5086
5481 5158
5481 5170
5481 5191
5481 5239
5481 5240
5481 5265
5481 5269
5481 5330
5485 5112
5485 5158
5485 5191
5485 5269
5485 5299
5487 5170
5490 5112
5490 5221
5494 5191
5494 5269
5507 5219
5508 5221
5508 5299
5514 5269
5515 5269
5515 5299
5517 5111
5517 5299
5518 5111
5518 5269
5518 5299
5530 5111
5555 5191
5560 5138
5560 5272
5560 5299
5580 5191
5581 5111
5581 5191
5582 5191
5583 5111
5583 5191
5584 5191
5585 5191
5586 5191
5587 5086
5587 5112
5587 5191
5587 5219
5594 5158
5597 5269
5597 5299
5597 5330
5599 5239
5607 5269
5608 5111
5608 5170
5608 5221
5608 5269
5609 5269
5610 5269
5611 5269
5612 5269
5613 5269
5616 5299
5617 5111
5617 5158
5618 5111
5618 5112
5618 5158
5618 5240
5618 5265
5618 5330
5619 5067
5626 5221
5627 5086
5627 5111
5627 5158
5627 5299
5633 5170
5633 5299
5636 5221
5639 5299
5643 5067
5643 5299
5644 5299
5647 5067
5647 5111
5647 5272
5647 5299
5652 5299
5654 5299
5655 5299
5656 5299
5657 5158
5657 5299
5658 5299
5659 5299
5660 5299
5661 5299
5662 5299
5666 5272
5667 5138
5672 5086
5678 5158
5681 5111
5682 5086
5682 5170
5682 5240
5689 5219
5692 5330
5707 5265
5745 5112
5745 5219
5745 5265
5759 5265
5777 5111
5785 5219
5791 5158
5793 5219
5802 5111
5802 5219
5809 5086
5809 5111
5809 5112
5818 5170
5835 5219
5842 5111
5842 5250
5845 5219
5847 5158
5847 5250
5848 5240
5849 5330
5851 5111
5851 5330
5852 5112
5852 5250
5852 5330
5855 5158
5855 5170
5862 5170
5871 5086
5872 5086
5873 5086
5877 5170
5879 5111
5879 5158
5879 5170
5888 5111
5888 5158
5888 5170
5896 5112
5896 5170
5906 5111
5914 5265
5914 5330
5918 5112
5919 5112
5920 5112
5921 5112
5922 5112
5927 5111
5935 5170
5937 5240
5937 5330
5945 5216
5946 5111
5960 5111
5961 5111
5962 5111
5973 5158
5985 5158
5988 5330
6000 5158
6000 5240
6000 5330
6001 5240
6001 5330
6003 5170
6019 5170
6022 5170
6023 5170
6027 5330
6029 5170
6048 5158
6081 5265
6086 5265
6086 5330
6090 5170
6093 5158
6094 5158
6094 5170
6094 5240
6097 5158
6097 5240
6100 5265
6101 5170
6105 5330
6111 5265
6123 5265
6124 5158
6124 5170
6124 5265
6125 5265
6126 5265
6144 5158
6144 5170
6164 5158
6167 5158
6168 5170
6172 5330
6173 5330
6204 5158
6204 5240
6212 5170
6225 5158
6229 5158
6230 5170
6231 5170
6232 5170
6233 5170
6234 5170
6235 5240
6236 5240
